desc: I1 cache:         32768 B, 64 B, 8-way associative
desc: D1 cache:         32768 B, 64 B, 8-way associative
desc: LL cache:         2097152 B, 64 B, 8-way associative
cmd: ./dfa_nas ./5_12 ./0
events: Ir I1mr ILmr Dr D1mr DLmr Dw D1mw DLmw 
fl=/home/nslab/milannic/5_12/ruby_SSA/c_bin/main.c
fn=main
21 6 0 0 0 0 0 4 0 0
22 1 0 0 0 0 0 1 0 0
28 2 1 1 1 0 0 0 0 0
33 10 1 1 3 0 0 2 1 0
38 7 0 0 1 0 0 1 0 0
41 540126 2 2 231482 0 0 77161 0 0
42 231480 0 0 77160 0 0 77160 9645 9645
45 118903560 1 1 39583080 0 0 19830120 0 0
46 138270720 0 0 19752960 0 0 19752960 0 0
47 158023680 0 0 59258880 0 0 19752960 1234560 1234560
49 462960 0 0 77160 0 0 77160 0 0
53 83846 1 1 16769 0 0 16769 0 0
55 117376 1 1 16768 0 0 16768 0 0
56 117376 0 0 16768 0 0 16768 0 0
63 100608 0 0 16768 0 0 33536 3974 3855
67 83840 1 1 50304 0 0 16768 0 0
68 67072 0 0 33536 0 0 16768 0 0
69 67072 0 0 33536 0 0 16768 0 0
71 103352 1 1 34712 0 0 17160 0 0
74 2744 1 1 392 0 0 392 0 0
76 1960 0 0 392 0 0 784 0 0
77 1568 0 0 1176 0 0 392 0 0
78 1176 0 0 784 0 0 392 0 0
79 1176 0 0 784 0 0 392 0 0
81 100608 0 0 16768 0 0 16768 0 0
102 3 0 0 1 0 0 1 0 0
104 10 1 1 3 1 1 2 0 0
109 1 0 0 0 0 0 1 0 0
111 3011 1 1 602 0 0 602 0 0
113 2404 0 0 601 0 0 1202 0 0
114 4808 1 1 1803 598 595 601 0 0
115 3005 0 0 1202 224 165 0 0 0
116 52 0 0 26 0 0 13 0 0
117 65 0 0 26 0 0 0 0 0
118 52 0 0 26 12 0 0 0 0
119 39 0 0 26 0 0 13 0 0
123 3 0 0 1 0 0 1 0 0
124 1 0 0 0 0 0 0 0 0
125 4 0 0 3 1 1 0 0 0
fl=???
fn=(below main)
0 57 4 4 17 2 0 17 0 0
fn=???
0 3678614460 739 732 408891144 1552 1229 198391674 9137 9092
fn=_Exit
0 8 2 2 1 1 1 0 0 0
fn=_IO_default_finish
0 28 2 2 8 0 0 2 0 0
fn=_IO_default_uflow
0 326748 2 2 163374 0 0 81687 0 0
fn=_IO_doallocbuf
0 26 1 1 12 1 0 4 0 0
fn=_IO_file_close
0 4 1 1 2 0 0 0 0 0
fn=_IO_file_close_it
0 94 4 4 20 0 0 32 0 0
fn=_IO_file_doallocate
0 94 4 4 18 1 0 12 1 0
fn=_IO_file_finish
0 16 2 2 4 0 0 2 0 0
fn=_IO_file_fopen
0 164 9 9 26 1 1 22 0 0
fn=_IO_file_init
0 26 2 2 8 0 0 10 0 0
fn=_IO_file_read
0 163380 1 1 54460 0 0 0 0 0
fn=_IO_file_stat
0 8 1 1 2 0 0 0 0 0
fn=_IO_file_underflow
0 1089211 5 5 408445 18 2 272305 6 1
fn=_IO_link_in
0 184 8 8 64 3 2 36 0 0
fn=_IO_setb
0 110 2 2 28 0 0 26 0 0
fn=_IO_sputbackc
0 892070415 2 2 356828166 0 0 118942722 0 0
fn=_IO_switch_to_get_mode
0 544600 2 2 190610 0 0 163380 0 0
fn=_IO_un_link
0 208 9 9 74 5 3 36 0 0
fn=_IO_unsave_markers
0 10 2 2 6 0 0 0 0 0
fn=_IO_vfscanf
0 10680271933 69 69 2568232750 188 98 1396222816 29 2
fn=__ctype_init
0 16 3 3 10 4 0 3 0 0
fn=__cxa_atexit
0 23 2 2 5 0 0 8 0 0
fn=__cxa_finalize
0 45 4 4 12 1 1 6 0 0
fn=__default_morecore
0 42 1 1 6 0 0 6 0 0
fn=__fxstat
0 20 1 1 2 0 0 0 0 0
fn=__isoc99_fscanf
0 1133206569 5 5 337973889 0 0 258450621 0 0
fn=__libc_csu_init
0 25 3 3 7 0 0 7 0 0
fn=__libc_memalign
0 552 4 4 105 0 0 102 2 2
fn=__sigsetjmp
0 18 2 2 4 0 0 8 0 0
fn=__strtol_internal
0 59410971 1 1 39607314 0 0 0 0 0
fn=__uflow
0 707979 3 3 272300 6 2 27231 0 0
fn=_dl_addr
0 57465 11 11 13484 1008 840 17 1 0
fn=_dl_allocate_tls_init
0 86 7 7 26 1 0 14 1 0
fn=_dl_debug_state
0 2 2 1 2 0 0 0 0 0
fn=_setjmp
0 2 1 1 0 0 0 0 0 0
fn=brk
0 72 1 1 12 0 0 6 0 0
fn=bsearch
0 1583 3 3 191 0 0 288 0 0
fn=calloc
0 72 1 1 0 0 0 0 0 0
fn=close
0 10 2 2 2 0 0 0 0 0
fn=exit
0 4 2 2 0 0 0 1 0 0
fn=fclose
0 152 7 7 52 2 2 22 0 0
fn=feof
0 660098 4 4 208452 0 0 69484 0 0
fn=fopen
0 4 1 1 0 0 0 0 0 0
fn=free
0 30 2 2 6 2 0 0 0 0
fn=getc
0 24042 4 4 10816 2 1 3005 0 0
fn=gettimeofday
0 64 3 3 5 0 0 5 0 0
fn=malloc
0 789523 7 7 240275 8 4 85814 0 0
fn=mmap
0 12 1 1 2 0 0 0 0 0
fn=munmap
0 10 1 1 2 0 0 0 0 0
fn=open
0 14 1 1 4 0 0 0 0 0
fn=read
0 190610 1 1 54460 0 0 0 0 0
fn=sbrk
0 164 3 3 42 15 4 24 1 0
fn=strcasecmp
0 10 2 2 4 1 1 1 0 0
fn=strncasecmp
0 9 2 2 4 0 0 0 0 0
fn=strnlen
0 6 1 1 3 0 0 0 0 0
fn=time
0 64 3 3 5 1 1 5 0 0
summary: 16865427936 988 980 3832375246 3659 2954 2032451851 1257358 1257157
