1
2
3
248
249
286
287
457
505
543
580
586
597
598
607
621
622
623
704
713
741
742
749
750
784
798
813
818
839
848
879
880
895
896
901
935
941
943
947
952
978
1001
1002
1003
1004
1037
1038
1054
1076
1079
1081
1082
1083
1084
1093
1106
1107
1123
1130
1131
1150
1214
1221
1295
1296
1297
1298
1308
1309
1315
1327
1328
1334
1344
1345
1346
1347
1351
1355
1356
1360
1365
1380
1381
1390
1406
1409
1410
1443
1463
1479
1519
1523
1524
1546
1557
1558
1570
1572
1577
1588
1589
1604
1605
1620
1623
1624
1625
1626
1627
1649
1653
1659
1661
1665
1670
1671
1681
1682
1683
1684
1691
1692
1693
1696
1697
1698
1699
1700
1701
1702
1703
1708
1709
1732
1733
1734
1747
1748
1753
1755
1764
1767
1772
1787
1791
1802
1805
1855
1856
1871
1872
1873
1874
1881
1882
1902
1903
1934
1935
1970
1971
1977
1978
1992
1993
1997
1998
1999
2008
2011
2043
2044
2045
2047
2050
2056
2057
2060
2061
2062
2094
2112
2113
2138
2151
2152
2153
2154
2157
2158
2167
2168
2169
2170
2171
2189
2190
2191
2206
2207
2208
2209
2210
2248
2249
2259
2260
2264
2265
2285
2287
2291
2292
2296
2308
2314
2315
2339
2340
2341
2342
2378
2379
2384
2387
2391
2394
2400
2401
2402
2403
2407
2409
2436
2440
2441
2445
2446
2447
2448
2449
2450
2451
2452
2453
2458
2459
2464
2498
2499
2500
2501
2503
2528
2538
2539
2540
2542
2549
2550
2551
2553
2554
2575
2576
2577
2587
2597
2611
2612
2613
2614
2615
2616
2653
2654
2687
2690
2691
2706
2707
2743
2757
2758
2762
2763
2784
2785
2795
2797
2798
2809
2822
2823
2824
2825
2868
2873
2875
2876
2884
2885
2886
2889
2899
2921
2922
2945
2984
3006
3013
3014
3020
3053
3087
3089
3090
3110
3124
3125
3138
3139
3154
3170
3171
3172
3177
3181
3185
3187
3188
3201
3202
3218
3227
3228
3229
3474
3475
3484
3485
3521
3522
3691
3741
3779
3816
3821
3832
3833
3842
3856
3857
3858
3940
3949
3962
3980
3981
3989
3990
4024
4038
4053
4058
4078
4087
4118
4119
4134
4135
4140
4174
4180
4182
4186
4191
4219
4243
4244
4245
4246
4279
4280
4296
4318
4321
4323
4324
4325
4326
4334
4347
4348
4364
4371
4372
4391
4455
4464
4539
4540
4541
4542
4551
4552
4558
4569
4570
4576
4585
4586
4587
4588
4592
4596
4597
4601
4606
4621
4622
4631
4647
4650
4651
4684
4706
4722
4762
4766
4767
4788
4798
4799
4810
4812
4817
4828
4829
4844
4845
4860
4863
4864
4865
4866
4867
4889
4893
4899
4901
4905
4912
4913
4923
4924
4925
4926
4933
4934
4935
4938
4939
4940
4941
4942
4943
4944
4945
4950
4951
4974
4975
4976
4989
4990
4994
4996
5004
5007
5026
5030
5041
5044
5094
5095
5114
5115
5116
5117
5124
5125
5145
5146
5177
5178
5212
5213
5219
5220
5234
5235
5239
5240
5241
5250
5253
5288
5289
5290
5292
5295
5301
5302
5305
5306
5307
5339
5356
5357
5381
5394
5395
5396
5397
5400
5401
5410
5411
5412
5413
5414
5435
5436
5437
5450
5451
5452
5453
5454
5492
5493
5502
5503
5507
5508
5527
5529
5533
5534
5538
5550
5556
5557
5564
5582
5583
5584
5585
5621
5622
5627
5630
5633
5636
5642
5643
5644
5648
5650
5677
5683
5684
5688
5689
5690
5691
5692
5693
5694
5699
5700
5705
5739
5740
5741
5742
5744
5768
5778
5779
5780
5782
5792
5793
5794
5796
5797
5818
5819
5820
5829
5839
5853
5854
5855
5856
5857
5858
5897
5898
5930
5933
5934
5952
5953
5988
6002
6003
6009
6010
6031
6032
6042
6043
6044
6055
6068
6071
6072
6073
6116
6121
6125
6126
6134
6135
6136
6139
6149
6172
6173
6195
6235
6265
6266
6272
6277
6278
6306
6308
6331
6341
6343
6344
6364
6378
6379
6392
6393
6407
6423
6424
6425
6430
6438
6440
6442
6454
6455
6472
6485
6486
6494
6507
6510
6532
