0	0
0	0
0	0
0	0
0	0
0	0
0	0
0	0
0	0
0	0
0	0
0	0
0	0
0	0
0	0
0	0
0	0
0	0
0	0
0	0
0	0
0	0
0	0
0	0
0	0
0	1	@	1239
0	0
0	0
0	0
0	0
0	0
0	0
0	0
0	0
0	0
0	0
0	0
0	0
0	0
0	0
0	0
0	0
0	0
0	0
0	0
0	0
0	0
0	0
0	0
0	0
0	0
0	0
0	0
0	0
0	0
0	0
0	0
0	0
0	0
0	0
0	0
0	0
0	0
0	0
0	0
0	0
0	0
0	0
0	0
0	0
0	0
0	0
0	0
0	0
0	0
0	0
0	0
0	0
0	1	@	219
0	3	@	60	133	952
0	0
0	0
0	0
0	0
0	0
0	0
0	0
0	0
0	0
0	0
0	0
0	0
0	0
0	0
0	0
0	0
0	0
0	0
0	1	@	1277
0	2	@	1059	1060
0	1	@	624
0	1	@	625
0	1	@	1066
0	1	@	1147
0	0
0	1	@	1065
0	0
0	0
0	0
0	0
0	0
0	0
0	0
0	0
0	0
0	0
0	0
0	0
0	1	@	1277
0	0
0	0
0	0
0	0
0	3	@	219	475	746
0	0
0	0
0	0
0	0
0	0
0	0
0	0
0	0
0	0
0	0
0	0
0	0
0	0
0	0
0	0
0	0
0	0
0	0
0	0
0	0
0	0
0	2	@	1059	1060
0	0
0	0
0	0
0	0
0	0
0	0
0	0
0	0
0	0
0	0
0	2	@	1059	1060
0	1	@	1066
0	0
0	0
0	0
0	0
0	0
0	0
0	0
0	0
0	0
0	0
0	0
0	0
0	0
0	0
0	0
0	0
0	0
0	0
0	0
0	0
0	0
0	0
0	0
0	0
0	0
0	0
0	0
0	0
0	0
0	0
0	0
0	0
0	0
0	0
0	0
0	0
0	0
0	0
0	0
0	0
0	0
0	0
0	0
0	0
0	0
0	0
0	0
0	0
0	0
0	0
0	0
0	0
0	0
0	0
0	0
0	0
0	0
0	0
0	0
0	0
0	0
0	0
0	0
0	0
0	0
0	0
0	0
0	0
0	0
0	0
0	0
0	0
0	0
0	0
0	0
0	0
0	0
0	0
0	0
0	0
0	0
0	0
0	0
0	0
0	0
0	0
0	0
0	0
0	0
0	0
0	0
0	0
0	0
0	0
0	0
0	0
0	0
0	0
0	0
0	0
0	0
0	0
0	0
0	0
0	0
0	0
0	0
0	0
0	0
0	0
0	0
0	0
0	0
0	0
0	0
0	0
0	0
0	0
0	0
0	0
0	0
0	0
0	0
0	0
0	0
0	0
0	0
0	0
0	0
0	0
0	0
0	0
0	0
0	0
0	0
0	0
0	0
0	0
0	0
0	0
0	0
0	0
0	0
0	0
0	0
0	0
0	0
0	0
0	0
0	0
0	0
0	0
0	0
0	0
0	0
0	0
0	0
0	0
0	0
0	0
0	0
0	1	@	1147
0	0
0	0
0	0
0	0
0	0
0	0
0	0
0	0
0	0
0	0
0	0
0	0
0	0
0	0
0	0
0	0
0	0
0	0
0	0
0	0
0	0
0	0
0	0
0	0
0	0
0	0
0	0
0	0
0	0
0	0
0	0
0	0
0	0
0	0
0	0
0	0
0	0
0	0
0	0
0	0
0	0
0	0
0	0
0	0
0	0
0	0
0	0
0	0
0	0
0	0
0	0
0	0
0	0
0	0
0	0
0	0
0	0
0	0
0	1	@	1117
0	0
0	0
0	0
0	0
0	1	@	1117
0	0
0	0
0	0
0	0
0	0
0	0
0	0
0	0
0	0
0	0
0	0
0	0
0	0
0	0
0	0
0	0
0	0
0	0
0	0
0	0
0	0
0	0
0	0
0	0
0	0
0	0
0	0
0	0
0	0
0	0
0	0
0	0
0	0
0	0
0	0
0	0
0	0
0	0
0	0
0	0
0	0
0	0
0	0
0	0
0	0
0	0
0	0
0	0
0	0
0	0
0	0
0	0
0	0
0	0
0	0
0	0
0	0
0	0
0	0
0	0
0	0
0	0
0	0
0	0
0	0
0	0
0	0
0	0
0	0
0	0
0	0
0	0
0	0
0	0
0	0
0	0
0	0
0	0
0	0
0	0
0	0
0	0
0	0
0	0
0	0
0	0
0	0
0	0
0	0
0	0
0	0
0	0
0	0
0	0
0	0
0	0
0	0
0	0
0	0
0	0
0	0
0	0
0	0
0	0
0	0
0	0
0	0
0	0
0	0
0	0
0	0
0	0
0	0
0	0
0	0
0	0
0	0
0	0
0	0
0	0
0	0
0	0
0	0
0	0
0	0
0	0
0	0
0	0
0	0
0	0
0	0
0	0
0	0
0	0
0	0
0	0
0	0
0	0
0	0
0	0
0	0
0	0
0	0
0	0
0	0
0	0
0	0
0	0
0	0
0	0
0	0
0	0
0	0
0	0
0	0
0	0
0	0
0	0
0	0
0	0
0	0
0	0
0	0
0	0
0	0
0	2	@	730	731
0	0
0	0
0	0
0	0
0	0
0	0
0	0
0	0
0	0
0	0
0	0
0	0
0	0
0	0
0	0
0	0
0	0
0	0
0	0
0	0
0	0
0	1	@	1147
0	6	@	219	475	734	746	758	936
0	0
0	0
0	0
0	0
0	0
0	0
0	0
0	0
0	0
0	0
0	0
0	0
0	0
0	0
0	1	@	1170
0	0
0	0
0	1	@	625
0	0
0	0
0	0
0	0
0	0
0	0
0	1	@	460
0	0
0	0
0	0
0	0
0	0
0	0
0	0
0	2	@	1059	1060
0	0
0	0
0	0
0	0
0	0
0	2	@	1059	1060
0	0
0	2	@	730	731
0	0
0	0
0	0
0	0
0	0
0	0
0	0
0	0
0	0
0	0
0	0
0	0
0	0
0	0
0	0
0	0
0	0
0	0
0	0
0	0
0	0
0	0
0	0
0	0
0	0
0	0
0	0
0	0
0	0
0	0
0	0
0	0
0	0
0	0
0	0
0	0
0	0
0	0
0	0
0	0
0	0
0	0
0	0
0	0
0	0
0	0
0	0
0	0
0	0
0	0
0	0
0	0
0	0
0	0
0	0
0	0
0	0
0	0
0	0
0	0
0	0
0	0
0	0
0	0
0	0
0	0
0	0
0	0
0	0
0	0
0	0
0	0
0	0
0	0
0	0
0	0
0	0
0	0
0	0
0	0
0	0
0	0
0	0
0	0
0	0
0	0
0	0
0	0
0	0
0	0
0	0
0	0
0	0
0	0
0	0
0	0
0	0
0	0
0	0
0	0
0	0
0	0
0	0
0	0
0	0
0	0
0	0
0	0
0	0
0	0
0	0
0	0
0	0
0	0
0	0
0	0
0	0
0	0
0	0
0	0
0	0
0	0
0	0
0	0
0	0
0	0
0	0
0	0
0	0
0	0
0	0
0	0
0	0
0	0
0	0
0	0
0	0
0	0
0	0
0	0
0	0
0	0
0	0
0	0
0	0
0	0
0	0
0	0
0	0
0	0
0	0
0	0
0	0
0	0
0	0
0	0
0	0
0	1	@	1147
0	0
0	0
0	0
0	0
0	0
0	0
0	0
0	0
0	0
0	0
0	0
0	0
0	0
0	0
0	0
0	0
0	0
0	0
0	0
0	0
0	0
0	0
0	0
0	0
0	0
0	0
0	0
0	0
0	0
0	0
0	0
0	0
0	0
0	0
0	0
0	0
0	0
0	0
0	0
0	0
0	0
0	0
0	0
0	0
0	0
0	0
0	0
0	0
0	0
0	0
0	0
0	0
0	0
0	0
0	0
0	0
0	0
0	0
0	0
0	0
0	0
0	1	@	157
0	0
0	0
0	0
0	0
0	0
0	0
0	0
0	0
0	0
0	0
0	0
0	0
0	0
0	0
0	0
0	0
0	0
0	0
0	0
0	0
0	0
0	0
0	0
0	0
0	0
0	0
0	0
0	0
0	0
0	0
0	1	@	214
0	1	@	214
0	0
0	0
0	1	@	228
0	1	@	228
0	1	@	228
0	0
0	0
0	0
0	0
0	0
0	0
0	0
0	0
0	0
0	1	@	361
0	1	@	361
0	0
0	0
0	1	@	364
0	1	@	364
0	0
0	0
0	0
0	0
0	0
0	0
0	0
0	1	@	386
0	1	@	386
0	0
0	0
0	0
0	0
0	0
0	0
0	0
0	0
0	0
0	0
0	0
0	2	@	398	400
0	2	@	398	400
0	0
0	0
0	0
0	0
0	0
0	0
0	1	@	501
0	0
0	1	@	501
0	0
0	0
0	0
0	0
0	0
0	0
0	0
0	0
0	0
0	0
0	0
0	0
0	0
0	0
0	0
0	0
0	0
0	0
0	0
0	0
0	0
0	0
0	0
0	0
0	0
0	0
0	0
0	0
0	0
0	0
0	0
0	0
0	0
0	0
0	0
0	0
0	2	@	1059	1060
0	0
0	0
0	0
0	0
0	0
0	0
0	0
0	0
0	0
0	0
0	0
0	0
0	0
0	0
0	0
0	0
0	0
0	0
0	0
0	0
0	0
0	0
0	0
0	2	@	1059	1060
0	0
0	0
0	0
0	0
0	0
0	0
0	0
0	0
0	0
0	0
0	0
0	0
0	0
0	1	@	786
0	1	@	786
0	0
0	0
0	0
0	0
0	0
0	0
0	0
0	0
0	0
0	0
0	0
0	0
0	0
0	0
0	0
0	1	@	1147
0	0
0	0
0	0
0	0
0	0
0	0
0	1	@	898
0	1	@	898
0	0
0	0
0	0
0	0
0	0
0	0
0	0
0	0
0	1	@	898
0	0
0	0
0	0
0	0
0	0
0	0
0	0
0	0
0	0
0	0
0	0
0	0
0	0
0	0
0	0
0	0
0	0
0	0
0	0
0	1	@	964
0	1	@	964
0	1	@	966
0	1	@	966
0	0
0	0
0	0
0	1	@	966
0	0
0	0
0	0
0	0
0	0
0	0
0	0
0	0
0	0
0	0
0	0
0	0
0	1	@	1052
0	1	@	1067
0	1	@	1067
0	0
0	0
0	0
0	0
0	0
0	0
0	0
0	0
0	0
0	0
0	0
0	0
0	0
0	0
0	0
0	0
0	0
0	0
0	0
0	0
0	0
0	0
0	0
0	0
0	0
0	1	@	1156
0	1	@	1156
0	0
0	1	@	1156
0	1	@	1156
0	0
0	0
0	0
0	0
0	0
0	0
0	0
0	0
0	0
0	0
0	0
0	0
0	0
0	0
0	0
0	0
0	0
0	0
0	0
0	0
0	0
0	0
0	0
0	0
0	0
0	0
0	1	@	1352
0	1	@	1352
0	0
0	0
0	0
0	0
0	0
0	0
0	0
0	0
0	2	@	730	731
0	0
0	0
0	0
0	0
0	0
0	0
0	0
0	0
0	0
0	0
0	0
0	0
0	0
0	0
0	0
0	0
0	0
0	0
0	0
0	0
0	0
0	0
0	0
0	0
0	0
0	0
0	1	@	228
0	0
0	0
0	0
0	0
0	0
0	0
0	0
0	0
0	1	@	386
0	0
0	0
0	0
0	0
0	0
0	0
0	0
0	0
0	0
0	0
0	0
0	0
0	0
0	0
0	0
0	0
0	0
0	0
0	0
0	0
0	0
0	0
0	0
0	0
0	0
0	0
0	0
0	0
0	0
0	0
0	0
0	0
0	0
0	0
0	0
0	0
0	0
0	1	@	898
0	0
0	0
0	0
0	0
0	0
0	0
0	0
0	0
0	1	@	233
0	0
0	0
0	0
0	0
0	0
0	0
0	0
0	0
0	0
0	0
0	0
0	0
0	0
0	1	@	1156
0	0
0	0
0	0
0	0
0	0
0	0
0	0
0	0
0	0
0	1	@	625
0	0
0	0
0	0
0	0
0	0
0	0
0	0
0	0
0	0
0	0
0	0
0	0
0	0
0	0
0	0
0	0
0	0
0	0
0	0
0	0
0	0
0	0
0	0
0	0
0	0
0	0
0	0
0	0
0	0
0	0
0	0
0	0
0	1	@	2
0	0
0	0
0	1	@	460
0	0
0	0
0	1	@	399
0	0
0	0
0	0
0	0
0	0
0	0
0	0
0	0
0	0
0	0
0	0
0	0
0	0
0	0
0	0
0	0
0	0
0	0
0	1	@	1147
0	0
0	2	@	1059	1060
0	1	@	1147
0	0
0	0
0	0
0	0
0	0
0	0
0	0
0	0
0	1	@	501
0	1	@	501
0	0
0	1	@	1167
0	0
0	0
0	1	@	234
0	0
0	0
0	0
0	0
0	0
0	0
0	0
0	0
0	0
0	0
0	0
0	0
0	0
0	0
0	0
0	0
0	0
0	0
0	0
0	0
0	0
0	0
0	2	@	1059	1060
0	0
0	0
0	0
0	0
0	0
0	0
0	2	@	1059	1060
0	2	@	140	460
0	0
0	0
0	0
0	0
0	0
0	0
0	0
0	0
0	0
0	0
0	0
0	1	@	1147
0	0
0	0
0	0
0	0
0	0
0	0
0	0
0	0
0	0
0	0
0	0
0	0
0	0
0	0
0	0
0	0
0	0
0	0
0	0
0	0
0	0
0	0
0	0
0	0
0	0
0	0
0	0
0	0
0	0
0	0
0	0
0	1	@	1117
0	0
0	0
0	0
0	0
0	0
0	0
0	0
0	0
0	0
0	0
0	0
0	0
0	0
0	0
0	0
0	0
0	0
0	0
0	0
0	0
0	0
0	0
0	0
0	0
0	0
0	0
0	0
0	0
0	0
0	0
0	0
0	0
0	1	@	228
0	1	@	1147
0	0
0	0
0	0
0	0
0	1	@	1147
0	0
0	0
0	0
0	0
0	0
0	0
0	0
0	0
0	0
0	0
0	0
0	0
0	0
0	0
0	0
0	0
0	0
0	0
0	0
0	0
0	0
0	0
0	0
0	0
0	0
0	0
0	0
0	0
0	0
0	0
0	0
0	0
0	0
0	0
0	0
0	0
0	0
0	0
0	0
0	0
0	0
0	0
0	0
0	0
0	0
0	0
0	0
0	0
0	0
0	0
0	0
0	0
0	0
0	0
0	0
0	0
0	0
0	0
0	0
0	0
0	0
0	0
0	0
0	0
0	0
0	0
0	0
0	0
0	0
0	0
0	0
0	0
0	0
0	0
0	0
0	0
0	0
0	0
0	0
0	0
0	0
0	0
0	0
0	0
0	0
0	0
0	0
0	0
0	0
0	0
0	0
0	0
0	0
0	0
0	1	@	1147
0	0
0	0
0	0
0	0
0	0
0	0
0	0
0	0
0	0
0	0
0	0
0	0
0	0
0	0
0	0
0	0
0	0
0	0
0	0
0	0
0	0
0	0
0	0
0	0
0	0
0	0
0	0
0	0
0	0
0	0
0	0
0	0
0	0
0	0
0	0
0	0
0	0
0	0
0	0
0	0
0	0
0	0
0	0
0	0
0	0
0	0
0	0
0	0
0	0
0	0
0	0
0	0
0	0
0	0
0	0
0	0
0	0
0	0
0	0
0	0
0	1	@	898
0	0
0	0
0	0
0	0
0	0
0	0
0	0
0	0
0	0
0	0
0	0
0	0
0	0
0	0
0	0
0	0
0	0
0	0
0	0
0	0
0	0
0	0
0	0
0	0
0	0
0	0
0	0
0	0
0	0
0	0
0	0
0	0
0	0
0	0
0	0
0	0
0	0
0	0
0	0
0	0
0	0
0	0
0	0
0	0
0	0
0	0
0	0
0	1	@	1067
0	1	@	1117
0	0
0	0
0	0
0	0
0	0
0	0
0	0
0	0
0	0
0	0
0	0
0	0
0	0
0	1	@	1156
0	0
0	0
0	0
0	0
0	0
0	0
0	1	@	1147
0	0
0	0
0	0
0	0
0	0
0	0
0	0
0	0
0	0
0	0
0	0
0	0
0	0
0	0
0	0
0	0
0	0
0	0
0	1	@	1065
0	0
0	0
0	0
0	0
0	0
0	0
0	0
0	0
0	0
0	0
0	0
0	0
0	0
0	0
0	1	@	501
0	0
0	0
0	0
0	0
0	1	@	1156
0	1	@	1147
0	0
0	0
0	0
0	0
0	0
0	0
0	0
0	0
0	0
0	0
0	0
0	0
0	0
0	0
0	0
0	0
0	0
0	0
0	0
0	1	@	329
0	0
0	0
0	0
0	0
0	0
0	0
0	0
0	0
0	0
0	0
0	0
0	0
0	0
0	0
0	0
0	0
0	0
0	0
0	0
0	0
0	0
0	0
0	0
0	0
0	1	@	393
0	1	@	393
0	0
0	0
0	0
0	0
0	0
0	0
0	0
0	0
0	1	@	503
0	1	@	503
0	0
0	0
0	0
0	0
0	0
0	0
0	0
0	0
0	0
0	0
0	0
0	0
0	0
0	0
0	0
0	1	@	567
0	0
0	0
0	0
0	0
0	0
0	0
0	0
0	1	@	595
0	1	@	595
0	1	@	606
0	0
0	0
0	0
0	1	@	595
0	0
0	0
0	2	@	1059	1060
0	0
0	0
0	0
0	0
0	0
0	0
0	1	@	661
0	0
0	0
0	0
0	0
0	0
0	0
0	0
0	0
0	0
0	0
0	0
0	0
0	0
0	0
0	0
0	0
0	0
0	0
0	2	@	729	737
0	1	@	737
0	1	@	737
0	1	@	737
0	0
0	0
0	0
0	0
0	1	@	755
0	0
0	0
0	0
0	0
0	0
0	0
0	1	@	1147
0	0
0	0
0	0
0	0
0	0
0	0
0	0
0	0
0	0
0	0
0	0
0	0
0	0
0	0
0	0
0	0
0	0
0	0
0	0
0	0
0	0
0	0
0	1	@	1117
0	0
0	0
0	1	@	896
0	1	@	896
0	1	@	896
0	1	@	896
0	0
0	0
0	0
0	0
0	0
0	0
0	0
0	0
0	1	@	896
0	0
0	0
0	1	@	386
0	1	@	386
0	0
0	0
0	0
0	0
0	2	@	1059	1060
0	0
0	0
0	0
0	0
0	1	@	960
0	1	@	960
0	0
0	0
0	0
0	1	@	960
0	0
0	0
0	1	@	386
0	0
0	0
0	0
0	0
0	0
0	0
0	0
0	0
0	2	@	1057	1061
0	2	@	1057	1061
0	2	@	1057	1061
0	0
0	0
0	0
0	2	@	1064	1069
0	2	@	1064	1069
0	0
0	0
0	0
0	0
0	0
0	0
0	0
0	0
0	0
0	0
0	0
0	0
0	0
0	0
0	0
0	0
0	0
0	0
0	0
0	0
0	0
0	0
0	0
0	1	@	1146
0	1	@	1146
0	0
0	0
0	1	@	1154
0	1	@	1154
0	1	@	1154
0	1	@	1154
0	0
0	1	@	1154
0	0
0	0
0	0
0	0
0	0
0	0
0	0
0	0
0	0
0	1	@	1238
0	0
0	0
0	0
0	0
0	0
0	0
0	0
0	0
0	0
0	0
0	0
0	0
0	0
0	0
0	0
0	0
0	0
0	0
0	0
0	0
0	0
0	0
0	0
0	0
0	0
0	0
0	0
0	0
0	0
0	0
0	0
0	2	@	730	731
0	1	@	460
0	0
0	0
0	0
0	0
0	0
0	0
0	0
0	0
0	0
0	0
0	0
0	0
0	0
0	0
0	1	@	228
0	0
0	0
0	0
0	0
0	0
0	0
0	0
0	0
0	0
0	0
0	0
0	0
0	0
0	0
0	0
0	0
0	0
0	0
0	0
0	0
0	0
0	0
0	0
0	0
0	0
0	0
0	0
0	0
0	0
0	0
0	0
0	0
0	0
0	0
0	0
0	0
0	0
0	0
0	0
0	0
0	0
0	0
0	0
0	0
0	0
0	0
0	0
0	0
0	0
0	0
0	0
0	0
0	0
0	1	@	896
0	0
0	0
0	1	@	1065
0	0
0	0
0	0
0	0
0	0
0	0
0	1	@	953
0	0
0	0
0	0
0	0
0	0
0	0
0	0
0	0
0	0
0	0
0	0
0	1	@	1154
0	1	@	1166
0	0
0	0
0	0
0	0
0	0
0	0
0	0
0	0
0	0
0	0
0	0
0	0
0	0
0	0
0	0
0	0
0	0
0	0
0	0
0	0
0	0
0	0
0	0
0	0
0	0
0	0
0	0
0	0
0	0
0	0
0	0
0	0
0	0
0	0
0	0
0	0
0	0
0	0
0	0
0	0
0	0
0	0
0	0
0	0
0	0
0	0
0	0
0	0
0	1	@	1136
0	0
0	0
0	0
0	0
0	0
0	0
0	0
0	0
0	0
0	0
0	0
0	0
0	0
0	0
0	0
0	0
0	0
0	0
0	0
0	0
0	0
0	0
0	0
0	0
0	0
0	0
0	0
0	0
0	0
0	0
0	0
0	0
0	0
0	0
0	0
0	0
0	0
0	0
0	0
0	0
0	0
0	0
0	0
0	0
0	0
0	0
0	0
0	0
0	2	@	730	731
0	0
0	0
0	0
0	0
0	0
0	0
0	0
0	0
0	0
0	0
0	0
0	1	@	1065
0	2	@	685	1065
0	0
0	0
0	0
0	0
0	0
0	0
0	0
0	0
0	0
0	0
0	0
0	0
0	0
0	0
0	0
0	0
0	0
0	0
0	0
0	0
0	0
0	0
0	0
0	0
0	0
0	0
0	0
0	0
0	0
0	1	@	1147
0	0
0	0
0	0
0	0
0	0
0	0
0	0
0	0
0	0
0	0
0	0
0	0
0	0
0	0
0	0
0	0
0	0
0	0
0	0
0	0
0	0
0	0
0	0
0	0
0	0
0	2	@	1057	1061
0	0
0	0
0	0
0	0
0	1	@	1147
0	0
0	0
0	0
0	0
0	0
0	0
0	0
0	0
0	0
0	0
0	0
0	0
0	0
0	0
0	0
0	0
0	0
0	0
0	0
0	0
0	0
0	0
0	0
0	0
0	0
0	0
0	0
0	0
0	0
0	0
0	0
0	1	@	1117
0	0
0	0
0	0
0	0
0	0
0	0
0	0
0	0
0	0
0	0
0	0
0	0
0	0
0	0
0	0
0	0
0	0
0	0
0	0
0	0
0	0
0	0
0	0
0	0
0	0
0	0
0	0
0	0
0	0
0	0
0	0
0	0
0	0
0	0
0	0
0	0
0	0
0	1	@	1147
0	0
0	0
0	0
0	0
0	0
0	0
0	0
0	0
0	0
0	0
0	0
0	0
0	0
0	0
0	0
0	0
0	0
0	0
0	0
0	0
0	0
0	0
0	0
0	0
0	0
0	0
0	0
0	0
0	0
0	0
0	0
0	0
0	0
0	0
0	0
0	0
0	0
0	0
0	0
0	0
0	0
0	0
0	0
0	0
0	0
0	0
0	0
0	0
0	0
0	0
0	0
0	0
0	0
0	0
0	0
0	0
0	0
0	0
0	0
0	0
0	0
0	0
0	0
0	0
0	0
0	0
0	0
0	0
0	0
0	0
0	0
0	0
0	0
0	0
0	0
0	0
0	0
0	0
0	0
0	0
0	0
0	0
0	0
0	0
0	0
0	0
0	0
0	0
0	0
0	0
0	0
0	0
0	0
0	0
0	0
0	0
0	0
0	0
0	0
0	0
0	0
0	0
0	0
0	0
0	0
0	0
0	0
0	0
0	0
0	0
0	1	@	737
0	0
0	0
0	0
0	0
0	0
0	0
0	0
0	0
0	0
0	0
0	0
0	0
0	0
0	0
0	0
0	0
0	0
0	0
0	0
0	0
0	0
0	0
0	0
0	0
0	0
0	1	@	1147
0	0
0	0
0	0
0	0
0	0
0	0
0	0
0	0
0	0
0	0
0	1	@	1147
0	0
0	0
0	0
0	0
0	1	@	896
0	0
0	0
0	0
0	0
0	0
0	0
0	0
0	0
0	0
0	0
0	0
0	0
0	0
0	0
0	0
0	0
0	0
0	0
0	0
0	0
0	0
0	0
0	0
0	0
0	0
0	1	@	1147
0	0
0	0
0	0
0	0
0	0
0	0
0	0
0	0
0	0
0	0
0	0
0	0
0	0
0	0
0	0
0	0
0	2	@	1057	1061
0	0
0	0
0	0
0	0
0	0
0	0
0	0
0	0
0	0
0	2	@	1064	1069
0	0
0	0
0	0
0	0
0	0
0	0
0	0
0	0
0	0
0	0
0	0
0	0
0	0
0	0
0	1	@	1154
0	1	@	1117
0	0
0	0
0	0
0	0
0	1	@	898
0	0
0	0
0	0
0	1	@	1147
0	1	@	1147
0	0
0	0
0	0
0	0
0	0
0	0
0	0
0	0
0	0
0	0
0	1	@	1147
0	0
0	0
0	0
0	0
0	1	@	1147
0	0
0	0
0	0
0	0
0	0
0	0
0	0
0	0
0	0
0	0
0	0
0	0
0	1	@	1065
0	0
0	0
0	0
0	0
0	0
0	0
0	0
0	0
0	0
0	0
0	0
0	0
0	1	@	503
0	0
0	0
0	0
0	0
0	1	@	1154
0	0
0	0
0	0
0	0
0	0
0	0
0	0
0	0
0	0
0	0
0	0
0	0
0	0
0	0
0	0
0	0
0	0
0	0
0	0
0	0
0	0
0	0
0	0
0	0
0	0
0	0
0	0
0	0
0	0
0	0
0	0
0	0
0	0
0	0
0	0
0	0
0	0
0	0
0	0
0	0
0	0
0	0
0	0
0	0
0	0
0	0
0	0
0	0
0	0
0	0
0	0
0	0
0	0
0	0
0	0
0	1	@	379
0	1	@	379
0	0
0	0
0	0
0	0
0	0
0	0
0	0
0	0
0	0
0	0
0	0
0	0
0	0
0	0
0	0
0	0
0	0
0	0
0	0
0	0
0	0
0	0
0	0
0	0
0	0
0	0
0	0
0	0
0	0
0	0
0	0
0	0
0	0
0	0
0	0
0	0
0	0
0	0
0	2	@	1056	1058
0	0
0	0
0	0
0	0
0	0
0	0
0	0
0	0
0	0
0	0
0	0
0	0
0	1	@	622
0	0
0	0
0	0
0	0
0	0
0	0
0	0
0	0
0	0
0	0
0	0
0	0
0	0
0	0
0	0
0	0
0	0
0	0
0	0
0	0
0	0
0	0
0	0
0	0
0	0
0	0
0	0
0	0
0	0
0	1	@	752
0	0
0	2	@	1059	1060
0	0
0	0
0	0
0	0
0	2	@	1059	1060
0	0
0	0
0	0
0	0
0	0
0	0
0	0
0	0
0	2	@	1059	1060
0	0
0	0
0	0
0	0
0	0
0	0
0	0
0	1	@	823
0	1	@	823
0	0
0	0
0	1	@	823
0	0
0	0
0	2	@	1059	1060
0	0
0	0
0	0
0	0
0	0
0	0
0	0
0	0
0	2	@	730	731
0	0
0	0
0	0
0	2	@	1059	1060
0	0
0	0
0	0
0	0
0	0
0	0
0	0
0	0
0	0
0	0
0	0
0	0
0	0
0	0
0	0
0	0
0	0
0	0
0	0
0	0
0	0
0	1	@	962
0	1	@	962
0	0
0	0
0	0
0	0
0	0
0	0
0	0
0	0
0	0
0	0
0	2	@	1054	1055
0	2	@	1054	1055
0	0
0	0
0	0
0	0
0	0
0	0
0	0
0	0
0	0
0	0
0	0
0	0
0	0
0	0
0	0
0	2	@	1059	1060
0	0
0	0
0	0
0	0
0	0
0	0
0	0
0	0
0	0
0	0
0	0
0	0
0	0
0	0
0	0
0	0
0	0
0	1	@	1147
0	0
0	0
0	0
0	0
0	0
0	2	@	1059	1060
0	0
0	0
0	0
0	0
0	0
0	0
0	0
0	0
0	0
0	0
0	0
0	0
0	0
0	0
0	0
0	0
0	0
0	0
0	0
0	0
0	0
0	0
0	0
0	0
0	0
0	0
0	0
0	0
0	0
0	2	@	1059	1060
0	0
0	0
0	0
0	0
0	0
0	0
0	0
0	0
0	1	@	1066
0	0
0	0
0	0
0	0
0	0
0	0
0	0
0	1	@	1147
0	0
0	0
0	0
0	0
0	0
0	0
0	0
0	0
0	0
0	0
0	0
0	0
0	0
0	0
0	0
0	0
0	1	@	797
0	0
0	0
0	0
0	0
0	0
0	1	@	459
0	0
0	0
0	0
0	0
0	1	@	1117
0	0
0	0
0	0
0	1	@	1147
0	0
0	0
0	0
0	0
0	1	@	624
0	0
0	0
0	0
0	0
0	0
0	0
0	0
0	0
0	0
0	0
0	0
0	0
0	0
0	0
0	0
0	0
0	0
0	1	@	803
0	0
0	0
0	0
0	0
0	0
0	0
0	0
0	0
0	0
0	0
0	0
0	0
0	0
0	0
0	0
0	0
0	0
0	0
0	0
0	0
0	1	@	1022
0	0
0	0
0	0
0	0
0	0
0	0
0	0
0	0
0	0
0	0
0	0
0	0
0	0
0	0
0	0
0	0
0	0
0	0
0	0
0	0
0	0
0	0
0	0
0	0
0	0
0	0
0	0
0	0
0	0
0	0
0	0
0	0
0	0
0	0
0	0
0	0
0	0
0	0
0	0
0	0
0	0
0	0
0	0
0	0
0	0
0	0
0	0
0	0
0	0
0	0
0	0
0	0
0	0
0	0
0	0
0	0
0	0
0	3	@	730	731	1023
0	0
0	1	@	485
0	0
0	0
0	0
0	0
0	0
0	0
0	0
0	0
0	1	@	1277
0	0
0	0
0	0
0	0
0	0
0	0
0	0
0	0
0	0
0	0
0	0
0	0
0	0
0	0
0	0
0	0
0	0
0	0
0	0
0	0
0	0
0	0
0	0
0	0
0	0
0	0
0	0
0	0
0	0
0	2	@	1168	1169
0	0
0	0
0	0
0	0
0	0
0	0
0	2	@	1059	1060
0	0
0	4	@	1	140	460	804
0	0
0	0
0	0
0	1	@	898
0	1	@	898
0	1	@	898
0	1	@	898
0	0
0	0
0	0
0	0
0	0
0	0
0	0
0	0
0	0
0	0
0	0
0	0
0	0
0	0
0	0
0	0
0	0
0	0
0	0
0	0
0	0
0	0
0	0
0	0
0	0
0	0
0	0
0	0
0	0
0	0
0	0
0	0
0	0
0	0
0	0
0	0
0	0
0	0
0	0
0	0
0	0
0	0
0	0
0	0
0	0
0	0
0	0
0	0
0	0
0	0
0	0
0	0
0	0
0	0
0	0
0	0
0	0
0	0
0	0
0	0
0	0
0	0
0	0
0	0
0	0
0	0
0	0
0	0
0	0
0	0
0	0
0	0
0	1	@	966
0	1	@	966
0	1	@	966
0	0
0	0
0	1	@	1156
0	0
0	0
0	0
0	2	@	1054	1055
0	0
0	0
0	0
0	0
0	0
0	0
0	0
0	0
0	0
0	0
0	0
0	0
0	0
0	0
0	0
0	0
0	1	@	1067
0	0
0	0
0	0
0	0
0	0
0	0
0	0
0	0
0	0
0	0
0	0
0	0
0	0
0	0
0	0
0	0
0	0
0	0
0	0
0	0
0	0
0	0
0	0
0	0
0	0
0	0
0	0
0	0
0	0
0	0
0	0
0	0
0	0
0	0
0	0
0	0
0	0
0	0
0	0
0	0
0	0
0	0
0	0
0	0
0	0
0	0
0	0
0	0
0	0
0	0
0	0
0	0
0	0
0	0
0	0
0	0
0	0
0	0
0	0
0	0
0	0
0	0
0	0
0	2	@	730	731
0	2	@	730	731
0	0
0	0
0	0
0	0
0	0
0	0
0	0
0	0
0	0
0	0
0	0
0	0
0	0
0	0
0	0
0	0
0	0
0	0
0	0
0	0
0	0
0	0
0	0
0	0
0	0
0	1	@	898
0	0
0	0
0	0
0	0
0	0
0	0
0	0
0	0
0	0
0	0
0	0
0	0
0	0
0	0
0	0
0	1	@	1117
0	0
0	0
0	0
0	0
0	0
0	0
0	0
0	0
0	0
0	0
0	0
0	0
0	0
0	0
0	0
0	0
0	0
0	0
0	0
0	0
0	0
0	1	@	485
0	0
0	0
0	0
0	0
0	0
0	0
0	0
0	0
0	0
0	0
0	0
0	0
0	1	@	1147
0	0
0	0
0	0
0	0
0	0
0	0
0	0
0	0
0	0
0	0
0	0
0	0
0	0
0	0
0	0
0	0
0	0
0	0
0	1	@	1147
0	0
0	0
0	0
0	0
0	0
0	0
0	0
0	0
0	0
0	0
0	0
0	0
0	0
0	0
0	0
0	0
0	0
0	0
0	0
0	0
0	0
0	0
0	0
0	0
0	0
0	0
0	0
0	0
0	0
0	0
0	0
0	0
0	0
0	0
0	0
0	0
0	0
0	0
0	0
0	0
0	0
0	0
0	0
0	0
0	0
0	0
0	0
0	0
0	0
0	0
0	0
0	0
0	0
0	0
0	0
0	0
0	0
0	0
0	0
0	0
0	0
0	0
0	0
0	0
0	0
0	0
0	0
0	0
0	0
0	0
0	0
0	0
0	0
0	0
0	0
0	0
0	0
0	1	@	1147
0	1	@	966
0	0
0	0
0	0
0	0
0	0
0	0
0	0
0	0
0	1	@	1065
0	0
0	0
0	0
0	1	@	1147
0	0
0	0
0	0
0	0
0	0
0	0
0	0
0	0
0	0
0	0
0	0
0	0
0	0
0	0
0	0
0	0
0	0
0	0
0	0
0	0
0	0
0	0
0	0
0	0
0	0
0	0
0	0
0	0
0	0
0	0
0	0
0	0
0	0
0	0
0	0
0	0
0	0
0	0
0	0
0	0
0	0
0	0
0	0
0	0
0	0
0	0
0	0
0	0
0	0
0	0
0	0
0	0
0	0
0	0
0	0
0	0
0	0
0	0
0	0
0	0
0	0
0	1	@	1147
0	0
0	0
0	0
0	0
0	0
0	0
0	0
0	0
0	0
0	0
0	0
0	0
0	0
0	1	@	1147
0	0
0	0
0	0
0	0
0	0
0	1	@	896
0	0
0	0
0	0
0	0
0	0
0	0
0	0
0	0
0	0
0	0
0	0
0	0
0	0
0	0
0	0
0	0
0	0
0	0
0	0
0	0
0	0
0	0
0	0
0	0
0	0
0	0
0	0
0	0
0	0
0	0
0	0
0	0
0	0
0	0
0	0
0	0
0	0
0	0
0	0
0	0
0	0
0	0
0	0
0	0
0	0
0	0
0	0
0	0
0	0
0	0
0	0
0	0
0	0
0	0
0	0
0	0
0	0
0	0
0	0
0	0
0	0
0	0
0	0
0	0
0	0
0	0
0	0
0	0
0	0
0	0
0	0
0	0
0	0
0	0
0	0
0	0
0	0
0	0
0	0
0	0
0	0
0	0
0	0
0	0
0	0
0	0
0	0
0	0
0	0
0	0
0	0
0	0
0	0
0	0
0	0
0	0
0	0
0	0
0	0
0	0
0	0
0	0
0	0
0	0
0	0
0	0
0	0
0	0
0	0
0	0
0	0
0	0
0	0
0	0
0	0
0	0
0	0
0	0
0	0
0	0
0	0
0	0
0	0
0	0
0	0
0	0
0	0
0	0
0	1	@	391
0	1	@	391
0	2	@	474	476
0	0
0	0
0	0
0	0
0	0
0	0
0	0
0	0
0	0
0	0
0	0
0	0
0	0
0	0
0	0
0	0
0	0
0	0
0	0
0	0
0	0
0	0
0	0
0	0
0	0
0	0
0	0
0	0
0	0
0	1	@	1066
0	0
0	0
0	0
0	0
0	0
0	0
0	0
0	0
0	0
0	0
0	0
0	0
0	0
0	0
0	0
0	0
0	0
0	0
0	0
0	0
0	0
0	0
0	0
0	0
0	0
0	0
0	0
0	0
0	0
0	0
0	0
0	0
0	0
0	0
0	0
0	0
0	0
0	0
0	0
0	0
0	0
0	0
0	0
0	0
0	0
0	1	@	733
0	1	@	745
0	1	@	1147
0	0
0	1	@	757
0	0
0	0
0	0
0	0
0	0
0	0
0	0
0	0
0	0
0	0
0	0
0	0
0	0
0	0
0	1	@	820
0	1	@	820
0	0
0	0
0	0
0	0
0	0
0	0
0	0
0	0
0	0
0	0
0	0
0	0
0	0
0	0
0	0
0	0
0	0
0	0
0	0
0	1	@	460
0	0
0	0
0	0
0	0
0	0
0	0
0	0
0	0
0	0
0	0
0	0
0	0
0	0
0	0
0	0
0	0
0	0
0	0
0	0
0	0
0	0
0	0
0	0
0	0
0	1	@	957
0	1	@	957
0	1	@	957
0	0
0	0
0	1	@	957
0	0
0	0
0	0
0	0
0	0
0	0
0	0
0	0
0	0
0	0
0	0
0	0
0	0
0	0
0	0
0	0
0	0
0	0
0	0
0	0
0	0
0	0
0	1	@	1111
0	0
0	0
0	0
0	0
0	0
0	0
0	0
0	0
0	0
0	0
0	0
0	0
0	0
0	0
0	0
0	0
0	0
0	0
0	2	@	1059	1060
0	0
0	0
0	0
0	0
0	0
0	0
0	0
0	0
0	0
0	0
0	0
0	1	@	1239
0	0
0	0
0	0
0	0
0	0
0	0
0	0
0	0
0	0
0	0
0	0
0	0
0	0
0	0
0	0
0	0
0	0
0	0
0	0
0	0
0	0
0	1	@	386
0	1	@	386
0	0
0	0
0	0
0	0
0	0
0	0
0	1	@	386
0	0
0	0
0	0
0	0
0	1	@	1369
0	0
0	0
0	0
0	0
0	0
0	0
0	0
0	0
0	0
0	0
0	0
0	0
0	1	@	966
0	0
0	0
0	0
0	0
0	0
0	0
0	0
0	0
0	0
0	0
0	0
0	0
0	0
0	0
0	0
0	1	@	966
0	0
0	0
0	0
0	0
0	0
0	0
0	0
0	0
0	0
0	0
0	0
0	0
0	0
0	0
0	0
0	0
0	0
0	1	@	625
0	0
0	0
0	0
0	0
0	0
0	0
0	0
0	0
0	0
0	0
0	0
0	0
0	0
0	0
0	0
0	1	@	1117
0	0
0	0
0	0
0	0
0	0
0	0
0	0
0	0
0	0
0	0
0	1	@	1147
0	0
0	0
0	0
0	0
0	0
0	0
0	0
0	0
0	0
0	0
0	0
0	1	@	228
0	0
0	0
0	0
0	0
0	0
0	0
0	0
0	1	@	624
0	0
0	0
0	0
0	0
0	0
0	0
0	0
0	0
0	0
0	0
0	0
0	0
0	0
0	0
0	0
0	0
0	0
0	0
0	0
0	0
0	0
0	0
0	0
0	0
0	0
0	0
0	0
0	0
0	0
0	0
0	0
0	0
0	0
0	0
0	0
0	0
0	0
0	0
0	0
0	0
0	0
0	0
0	0
0	0
0	1	@	1262
0	1	@	1263
0	1	@	1264
0	0
0	0
0	0
0	0
0	0
0	0
0	0
0	0
0	0
0	0
0	0
0	1	@	1277
0	0
0	0
0	0
0	0
0	0
0	0
0	0
0	0
0	0
0	1	@	1156
0	1	@	1156
0	1	@	1156
0	1	@	1156
0	1	@	1156
0	1	@	3
0	2	@	1059	1060
0	0
0	0
0	0
0	1	@	168
0	0
0	0
0	0
0	0
0	1	@	960
0	1	@	960
0	1	@	960
0	1	@	960
0	0
0	0
0	1	@	557
0	0
0	0
0	0
0	0
0	2	@	659	1066
0	0
0	1	@	626
0	1	@	1039
0	0
0	0
0	0
0	0
0	1	@	896
0	1	@	896
0	1	@	896
0	1	@	896
0	1	@	896
0	1	@	896
0	0
0	0
0	0
0	0
0	0
0	0
0	0
0	0
0	0
0	0
0	1	@	941
0	0
0	1	@	1245
0	0
0	0
0	0
0	0
0	2	@	1059	1060
0	2	@	1059	1060
0	0
0	0
0	0
0	0
0	1	@	1117
0	0
0	0
0	1	@	1147
0	1	@	1147
0	0
0	0
0	0
0	0
0	0
0	0
0	0
0	0
0	0
0	0
0	0
0	0
0	0
0	0
0	0
0	0
0	0
0	0
0	0
0	0
0	0
0	0
0	0
0	0
0	0
0	0
0	0
0	0
0	0
0	0
0	0
0	0
0	0
0	0
0	0
0	0
0	0
0	0
0	0
0	0
0	0
0	0
0	0
0	0
0	0
0	0
0	0
0	1	@	759
0	0
0	0
0	0
0	2	@	730	731
0	2	@	730	731
0	0
0	0
0	0
0	2	@	730	731
0	2	@	730	731
0	1	@	1154
0	0
0	0
0	0
0	0
0	0
0	0
0	0
0	0
0	0
0	0
0	0
0	0
0	0
0	0
0	0
0	0
0	0
0	0
0	0
0	0
0	0
0	0
0	0
0	0
0	0
0	2	@	1064	1069
0	0
0	1	@	236
0	0
0	0
0	0
0	1	@	1147
0	0
0	0
0	0
0	0
0	0
0	0
0	0
0	0
0	0
0	0
0	1	@	259
0	0
0	0
0	0
0	0
0	0
0	0
0	1	@	270
0	0
0	0
0	1	@	275
0	0
0	0
0	0
0	0
0	0
0	0
0	0
0	0
0	0
0	0
0	1	@	1147
0	1	@	296
0	0
0	0
0	0
0	0
0	0
0	0
0	0
0	1	@	321
0	1	@	323
0	1	@	324
0	0
0	0
0	0
0	0
0	0
0	0
0	1	@	737
0	0
0	0
0	0
0	0
0	0
0	2	@	347	898
0	1	@	348
0	0
0	0
0	0
0	0
0	0
0	0
0	0
0	2	@	140	460
0	0
0	1	@	460
0	0
0	0
0	0
0	0
0	0
0	0
0	0
0	0
0	0
0	0
0	1	@	435
0	0
0	0
0	0
0	0
0	0
0	0
0	0
0	0
0	0
0	0
0	0
0	0
0	0
0	0
0	0
0	0
0	0
0	1	@	896
0	0
0	0
0	0
0	0
0	0
0	1	@	492
0	0
0	0
0	0
0	0
0	0
0	1	@	498
0	0
0	1	@	515
0	1	@	515
0	0
0	0
0	0
0	0
0	0
0	0
0	0
0	0
0	0
0	0
0	0
0	0
0	0
0	0
0	0
0	0
0	0
0	0
0	0
0	0
0	0
0	0
0	0
0	0
0	0
0	0
0	0
0	0
0	0
0	0
0	0
0	0
0	0
0	0
0	0
0	0
0	0
0	0
0	0
0	0
0	0
0	1	@	604
0	0
0	0
0	0
0	0
0	0
0	0
0	0
0	1	@	627
0	0
0	0
0	0
0	0
0	0
0	0
0	0
0	0
0	0
0	0
0	0
0	0
0	0
0	0
0	0
0	0
0	0
0	1	@	671
0	0
0	0
0	0
0	0
0	0
0	0
0	0
0	0
0	0
0	0
0	0
0	0
0	0
0	0
0	0
0	0
0	0
0	0
0	0
0	1	@	728
0	1	@	728
0	0
0	0
0	0
0	0
0	0
0	0
0	0
0	0
0	0
0	0
0	0
0	0
0	0
0	0
0	1	@	771
0	0
0	0
0	0
0	0
0	0
0	0
0	0
0	0
0	0
0	0
0	0
0	1	@	795
0	1	@	795
0	0
0	0
0	0
0	0
0	0
0	0
0	1	@	1156
0	0
0	0
0	0
0	0
0	0
0	0
0	0
0	0
0	0
0	0
0	0
0	0
0	0
0	0
0	0
0	0
0	0
0	0
0	0
0	0
0	0
0	0
0	0
0	0
0	0
0	0
0	0
0	0
0	0
0	0
0	0
0	0
0	0
0	0
0	0
0	0
0	0
0	0
0	1	@	1065
0	1	@	1147
0	0
0	0
0	0
0	0
0	0
0	0
0	0
0	0
0	0
0	0
0	0
0	0
0	0
0	0
0	0
0	0
0	0
0	0
0	0
0	0
0	1	@	993
0	0
0	0
0	0
0	0
0	0
0	0
0	0
0	0
0	0
0	0
0	0
0	0
0	0
0	0
0	0
0	0
0	0
0	0
0	0
0	0
0	0
0	0
0	0
0	0
0	0
0	0
0	0
0	0
0	0
0	0
0	0
0	0
0	0
0	0
0	0
0	0
0	0
0	0
0	0
0	0
0	0
0	0
0	0
0	0
0	0
0	0
0	0
0	0
0	0
0	0
0	0
0	0
0	0
0	0
0	0
0	0
0	0
0	0
0	0
0	0
0	0
0	0
0	0
0	0
0	0
0	0
0	0
0	0
0	0
0	0
0	0
0	0
0	0
0	0
0	0
0	0
0	0
0	0
0	0
0	0
0	0
0	1	@	1147
0	0
0	0
0	0
0	0
0	0
0	0
0	0
0	0
0	0
0	0
0	0
0	0
0	1	@	624
0	0
0	0
0	0
0	1	@	187
0	0
0	0
0	0
0	0
0	0
0	0
0	0
0	0
0	0
0	0
0	0
0	0
0	0
0	0
0	0
0	0
0	0
0	1	@	1147
0	0
0	1	@	1067
0	1	@	1117
0	0
0	0
0	0
0	0
0	0
0	0
0	0
0	0
0	0
0	0
0	0
0	0
0	0
0	0
0	0
0	0
0	0
0	0
0	0
0	0
0	0
0	0
0	0
0	0
0	0
0	0
0	0
0	0
0	0
0	0
0	0
0	0
0	0
0	0
0	0
0	0
0	0
0	0
0	0
0	0
0	0
0	0
0	0
0	0
0	0
0	0
0	0
0	0
0	0
0	0
0	0
0	0
0	0
0	0
0	0
0	0
0	0
0	0
0	0
0	0
0	1	@	381
0	1	@	381
0	1	@	385
0	1	@	385
0	0
0	0
0	0
0	0
0	0
0	0
0	0
0	0
0	0
0	0
0	0
0	0
0	0
0	0
0	0
0	0
0	1	@	1277
0	0
0	0
0	0
0	0
0	0
0	0
0	0
0	1	@	508
0	0
0	0
0	0
0	0
0	0
0	0
0	0
0	0
0	1	@	1117
0	0
0	0
0	0
0	1	@	546
0	0
0	0
0	0
0	0
0	0
0	1	@	589
0	2	@	730	731
0	0
0	0
0	0
0	0
0	0
0	0
0	0
0	0
0	0
0	0
0	0
0	1	@	598
0	1	@	598
0	0
0	1	@	1147
0	0
0	0
0	0
0	0
0	1	@	651
0	0
0	1	@	658
0	0
0	0
0	0
0	0
0	0
0	0
0	0
0	0
0	0
0	0
0	0
0	0
0	0
0	0
0	0
0	0
0	0
0	0
0	2	@	1059	1060
0	1	@	740
0	1	@	740
0	1	@	741
0	0
0	0
0	0
0	0
0	0
0	1	@	781
0	0
0	0
0	0
0	0
0	0
0	0
0	2	@	730	731
0	1	@	819
0	0
0	0
0	1	@	821
0	1	@	821
0	0
0	0
0	0
0	0
0	0
0	1	@	826
0	0
0	0
0	0
0	0
0	0
0	0
0	0
0	0
0	0
0	0
0	0
0	1	@	901
0	1	@	228
0	1	@	228
0	1	@	228
0	1	@	228
0	0
0	0
0	0
0	2	@	1059	1060
0	0
0	0
0	0
0	0
0	0
0	0
0	1	@	1117
0	1	@	1117
0	0
0	0
0	0
0	0
0	0
0	0
0	0
0	0
0	0
0	0
0	0
0	0
0	0
0	0
0	0
0	0
0	0
0	0
0	1	@	1051
0	1	@	1276
0	0
0	0
0	0
0	0
0	0
0	0
0	2	@	1059	1060
0	0
0	0
0	0
0	0
0	0
0	1	@	1115
0	0
0	0
0	0
0	0
0	0
0	0
0	0
0	0
0	0
0	0
0	0
0	0
0	0
0	0
0	0
0	0
0	0
0	0
0	0
0	0
0	0
0	0
0	0
0	0
0	0
0	0
0	0
0	0
0	0
0	0
0	0
0	0
0	0
0	0
0	0
0	0
0	0
0	0
0	1	@	1237
0	0
0	0
0	1	@	1243
0	1	@	1243
0	0
0	0
0	0
0	0
0	0
0	0
0	0
0	0
0	0
0	0
0	0
0	0
0	0
0	0
0	0
0	0
0	0
0	0
0	0
0	0
0	0
0	0
0	0
0	0
0	0
0	0
0	0
0	0
0	0
0	0
0	0
0	0
0	0
0	0
0	0
0	0
0	0
0	0
0	0
0	0
0	0
0	0
0	0
0	1	@	1255
0	1	@	1285
0	0
0	1	@	1301
0	1	@	534
0	0
0	0
0	0
0	0
0	0
0	0
0	0
0	0
0	0
0	0
0	0
0	0
0	0
0	0
0	0
0	0
0	0
0	0
0	2	@	730	731
0	0
0	0
0	0
0	0
0	0
0	0
0	0
0	0
0	1	@	525
0	0
0	0
0	0
0	1	@	1117
0	0
0	2	@	730	731
0	0
0	0
0	0
0	0
0	0
0	1	@	1136
0	0
0	0
0	1	@	680
0	0
0	0
0	0
0	0
0	0
0	1	@	724
0	0
0	0
0	0
0	0
0	0
0	0
0	0
0	0
0	0
0	0
0	0
0	2	@	730	731
0	0
0	0
0	2	@	730	731
0	0
0	0
0	0
0	0
0	0
0	0
0	1	@	1156
0	1	@	908
0	0
0	2	@	1059	1060
0	0
0	0
0	0
0	0
0	0
0	0
0	0
0	0
0	1	@	1084
0	0
0	0
0	0
0	0
0	0
0	0
0	0
0	1	@	1366
0	0
0	0
0	0
0	0
0	0
0	0
0	0
0	0
0	0
0	0
0	0
0	0
0	0
0	0
0	0
0	0
0	0
0	0
0	0
0	0
0	0
0	0
0	0
0	0
0	0
0	0
0	0
0	0
0	0
0	0
0	0
0	0
0	0
0	0
0	0
0	1	@	1256
0	0
0	0
0	0
0	0
0	0
0	1	@	1253
0	1	@	1254
0	0
0	0
0	0
0	0
0	0
0	0
0	0
0	0
0	0
0	1	@	1277
0	0
0	0
0	0
0	0
0	0
0	0
0	0
0	1	@	1147
0	0
0	0
0	0
0	0
0	1	@	163
0	1	@	189
0	0
0	0
0	0
0	0
0	0
0	0
0	0
0	0
0	0
0	0
0	3	@	650	1066	1283
0	1	@	1284
0	1	@	165
0	0
0	0
0	0
0	0
0	0
0	1	@	615
0	1	@	672
0	2	@	730	731
0	2	@	730	731
0	0
0	0
0	1	@	720
0	1	@	722
0	1	@	907
0	1	@	1246
0	1	@	186
0	1	@	4
0	1	@	1026
0	0
0	0
0	0
0	0
0	0
0	0
0	1	@	1117
0	0
0	0
0	0
0	0
0	0
0	1	@	1286
0	0
0	0
0	0
0	0
0	0
0	0
0	1	@	267
0	0
0	0
0	0
0	0
0	0
0	0
0	0
0	0
0	0
0	0
0	0
0	0
0	0
0	0
0	0
0	0
0	0
0	0
0	0
0	0
0	0
0	0
0	0
0	0
0	1	@	493
0	1	@	493
0	0
0	0
0	0
0	0
0	0
0	1	@	898
0	1	@	898
0	1	@	898
0	0
0	0
0	1	@	898
0	0
0	0
0	0
0	0
0	0
0	0
0	0
0	0
0	0
0	0
0	2	@	140	460
0	0
0	1	@	460
0	0
0	0
0	0
0	2	@	140	460
0	0
0	1	@	460
0	0
0	0
0	0
0	0
0	0
0	0
0	0
0	0
0	0
0	0
0	0
0	0
0	0
0	0
0	0
0	0
0	0
0	0
0	0
0	1	@	1211
0	0
0	1	@	1365
0	0
0	0
0	0
0	0
0	0
0	0
0	0
0	0
0	1	@	237
0	0
0	0
0	1	@	1117
0	0
0	0
0	0
0	1	@	240
0	1	@	240
0	0
0	0
0	0
0	0
0	1	@	256
0	0
0	0
0	0
0	0
0	0
0	0
0	0
0	0
0	1	@	1065
0	0
0	0
0	0
0	0
0	0
0	0
0	0
0	0
0	0
0	0
0	0
0	0
0	0
0	1	@	293
0	0
0	0
0	0
0	0
0	0
0	0
0	0
0	0
0	0
0	4	@	60	133	322	952
0	1	@	1147
0	0
0	0
0	0
0	0
0	0
0	0
0	0
0	0
0	0
0	0
0	0
0	0
0	1	@	1065
0	0
0	0
0	0
0	0
0	0
0	1	@	357
0	0
0	0
0	0
0	0
0	0
0	0
0	0
0	0
0	0
0	0
0	0
0	0
0	0
0	0
0	1	@	439
0	1	@	440
0	0
0	1	@	445
0	0
0	0
0	0
0	0
0	0
0	0
0	0
0	0
0	0
0	0
0	0
0	0
0	0
0	0
0	0
0	0
0	0
0	0
0	0
0	0
0	0
0	0
0	0
0	0
0	0
0	1	@	1117
0	0
0	0
0	0
0	0
0	0
0	0
0	0
0	0
0	0
0	0
0	0
0	0
0	0
0	0
0	0
0	1	@	551
0	0
0	0
0	0
0	0
0	0
0	0
0	0
0	0
0	0
0	0
0	0
0	0
0	0
0	0
0	2	@	578	1136
0	0
0	0
0	0
0	0
0	0
0	0
0	0
0	0
0	0
0	0
0	0
0	0
0	0
0	0
0	1	@	1065
0	0
0	0
0	0
0	0
0	0
0	1	@	644
0	0
0	0
0	0
0	0
0	0
0	1	@	657
0	0
0	0
0	0
0	0
0	1	@	670
0	0
0	0
0	0
0	0
0	0
0	0
0	0
0	0
0	0
0	0
0	0
0	0
0	0
0	0
0	0
0	0
0	0
0	0
0	0
0	0
0	0
0	1	@	754
0	0
0	0
0	0
0	1	@	761
0	0
0	0
0	0
0	0
0	0
0	0
0	0
0	1	@	1067
0	0
0	0
0	0
0	0
0	0
0	0
0	0
0	0
0	0
0	0
0	0
0	0
0	0
0	0
0	1	@	810
0	0
0	2	@	813	1154
0	0
0	0
0	0
0	0
0	0
0	0
0	0
0	0
0	0
0	0
0	0
0	0
0	0
0	0
0	0
0	0
0	0
0	0
0	0
0	0
0	0
0	0
0	0
0	0
0	0
0	0
0	0
0	1	@	881
0	1	@	882
0	0
0	0
0	0
0	0
0	0
0	0
0	0
0	0
0	0
0	0
0	0
0	0
0	0
0	0
0	1	@	1117
0	0
0	0
0	0
0	0
0	0
0	0
0	0
0	0
0	0
0	0
0	0
0	0
0	0
0	0
0	1	@	969
0	0
0	0
0	0
0	0
0	0
0	0
0	0
0	0
0	0
0	0
0	0
0	1	@	1147
0	0
0	0
0	0
0	1	@	1287
0	0
0	0
0	0
0	0
0	0
0	0
0	0
0	0
0	0
0	0
0	0
0	0
0	0
0	0
0	0
0	1	@	1046
0	0
0	0
0	0
0	0
0	0
0	0
0	0
0	0
0	0
0	0
0	0
0	0
0	0
0	0
0	0
0	0
0	1	@	1098
0	0
0	0
0	1	@	1106
0	0
0	0
0	0
0	0
0	0
0	0
0	0
0	0
0	0
0	0
0	0
0	0
0	0
0	0
0	0
0	0
0	0
0	0
0	0
0	0
0	0
0	1	@	1199
0	0
0	0
0	1	@	1117
0	0
0	0
0	0
0	0
0	0
0	1	@	595
0	1	@	1210
0	0
0	0
0	0
0	0
0	0
0	0
0	0
0	0
0	0
0	0
0	1	@	1250
0	0
0	0
0	1	@	1251
0	1	@	1368
0	1	@	829
0	0
0	0
0	0
0	0
0	0
0	0
0	0
0	0
0	0
0	0
0	0
0	0
0	0
0	1	@	1048
0	2	@	975	1048
0	0
0	0
0	0
0	0
0	0
0	0
0	0
0	0
0	0
0	0
0	0
0	0
0	1	@	1147
0	1	@	1147
0	0
0	0
0	0
0	0
0	0
0	0
0	1	@	254
0	0
0	0
0	0
0	0
0	0
0	0
0	0
0	0
0	0
0	0
0	0
0	0
0	0
0	0
0	0
0	0
0	0
0	0
0	0
0	0
0	0
0	0
0	0
0	0
0	0
0	0
0	0
0	0
0	0
0	0
0	0
0	0
0	0
0	0
0	1	@	310
0	1	@	310
0	0
0	0
0	0
0	0
0	0
0	0
0	0
0	0
0	0
0	0
0	0
0	0
0	0
0	0
0	0
0	0
0	0
0	0
0	0
0	0
0	0
0	0
0	0
0	0
0	0
0	0
0	0
0	0
0	0
0	1	@	1147
0	0
0	0
0	0
0	0
0	0
0	0
0	0
0	0
0	0
0	0
0	0
0	0
0	0
0	0
0	0
0	0
0	0
0	0
0	0
0	0
0	0
0	0
0	0
0	0
0	0
0	2	@	460	587
0	0
0	0
0	0
0	0
0	0
0	0
0	0
0	0
0	0
0	0
0	0
0	0
0	1	@	641
0	1	@	641
0	0
0	0
0	0
0	0
0	0
0	0
0	0
0	0
0	0
0	0
0	0
0	0
0	0
0	0
0	0
0	0
0	0
0	0
0	0
0	0
0	0
0	0
0	1	@	736
0	0
0	0
0	0
0	0
0	0
0	0
0	1	@	782
0	2	@	730	731
0	0
0	0
0	0
0	2	@	460	818
0	0
0	0
0	0
0	0
0	0
0	0
0	0
0	0
0	1	@	1066
0	0
0	0
0	1	@	852
0	3	@	730	731	1023
0	1	@	861
0	0
0	0
0	0
0	0
0	0
0	0
0	0
0	0
0	0
0	0
0	0
0	2	@	385	950
0	2	@	385	950
0	1	@	951
0	0
0	0
0	0
0	0
0	1	@	935
0	0
0	0
0	0
0	0
0	0
0	0
0	0
0	0
0	0
0	0
0	0
0	0
0	0
0	0
0	0
0	0
0	0
0	0
0	0
0	0
0	0
0	0
0	2	@	598	1116
0	2	@	598	1116
0	0
0	0
0	0
0	0
0	0
0	0
0	0
0	0
0	0
0	0
0	0
0	0
0	0
0	0
0	0
0	0
0	0
0	0
0	0
0	0
0	0
0	0
0	0
0	0
0	0
0	0
0	0
0	0
0	0
0	0
0	0
0	0
0	0
0	0
0	0
0	0
0	0
0	0
0	0
0	0
0	2	@	1240	1241
0	0
0	0
0	1	@	1244
0	1	@	1244
0	1	@	1244
0	1	@	1244
0	1	@	1244
0	0
0	0
0	0
0	0
0	0
0	0
0	0
0	0
0	0
0	0
0	0
0	0
0	0
0	0
0	0
0	0
0	0
0	0
0	0
0	0
0	0
0	0
0	0
0	0
0	0
0	0
0	0
0	0
0	0
0	0
0	0
0	0
0	0
0	0
0	0
0	0
0	0
0	0
0	0
0	0
0	0
0	1	@	908
0	0
0	0
0	0
0	0
0	0
0	0
0	0
0	1	@	325
0	0
0	3	@	140	422	460
0	0
0	0
0	0
0	0
0	0
0	0
0	1	@	488
0	0
0	0
0	0
0	0
0	0
0	0
0	3	@	460	587	599
0	0
0	0
0	2	@	730	731
0	0
0	0
0	1	@	1065
0	0
0	0
0	0
0	0
0	0
0	0
0	0
0	0
0	0
0	0
0	0
0	0
0	1	@	799
0	0
0	0
0	0
0	0
0	0
0	2	@	460	816
0	0
0	0
0	2	@	460	856
0	0
0	0
0	0
0	0
0	0
0	0
0	1	@	1154
0	0
0	0
0	0
0	0
0	0
0	0
0	0
0	1	@	1016
0	0
0	0
0	0
0	0
0	0
0	0
0	0
0	0
0	0
0	0
0	0
0	0
0	0
0	0
0	0
0	0
0	0
0	0
0	0
0	0
0	0
0	1	@	1311
0	0
0	0
0	0
0	0
0	0
0	0
0	0
0	0
0	0
0	0
0	0
0	0
0	0
0	0
0	0
0	0
0	0
0	0
0	0
0	0
0	0
0	0
0	0
0	0
0	0
0	0
0	0
0	0
0	0
0	1	@	1256
0	0
0	0
0	0
0	0
0	0
0	0
0	0
0	0
0	0
0	0
0	0
0	0
0	0
0	0
0	0
0	0
0	1	@	1277
0	1	@	1278
0	1	@	1278
0	0
0	1	@	666
0	1	@	666
0	0
0	0
0	0
0	0
0	0
0	0
0	0
0	0
0	0
0	0
0	0
0	0
0	0
0	0
0	0
0	0
0	1	@	664
0	1	@	664
0	1	@	664
0	1	@	664
0	1	@	665
0	1	@	665
0	0
0	2	@	730	731
0	2	@	730	731
0	0
0	0
0	0
0	0
0	0
0	0
0	0
0	0
0	0
0	0
0	0
0	0
0	0
0	0
0	1	@	667
0	0
0	0
0	0
0	1	@	205
0	1	@	205
0	0
0	0
0	1	@	272
0	0
0	0
0	0
0	1	@	307
0	1	@	307
0	1	@	308
0	1	@	308
0	1	@	309
0	1	@	309
0	1	@	311
0	1	@	311
0	1	@	307
0	1	@	309
0	1	@	311
0	0
0	0
0	0
0	0
0	0
0	0
0	0
0	0
0	1	@	542
0	1	@	542
0	1	@	896
0	1	@	896
0	1	@	896
0	1	@	896
0	1	@	896
0	0
0	0
0	0
0	0
0	1	@	896
0	0
0	0
0	0
0	0
0	0
0	0
0	0
0	0
0	0
0	0
0	0
0	0
0	0
0	0
0	0
0	0
0	0
0	0
0	0
0	0
0	0
0	0
0	0
0	0
0	0
0	0
0	0
0	0
0	0
0	0
0	0
0	0
0	0
0	0
0	0
0	0
0	0
0	0
0	1	@	908
0	0
0	0
0	1	@	1192
0	0
0	1	@	199
0	1	@	199
0	0
0	0
0	0
0	0
0	0
0	0
0	1	@	248
0	0
0	0
0	0
0	0
0	0
0	0
0	0
0	0
0	1	@	261
0	0
0	0
0	1	@	266
0	0
0	0
0	0
0	0
0	1	@	276
0	2	@	277	386
0	0
0	0
0	0
0	0
0	0
0	0
0	0
0	0
0	0
0	0
0	0
0	0
0	0
0	0
0	0
0	0
0	0
0	0
0	1	@	318
0	0
0	0
0	0
0	0
0	1	@	333
0	0
0	0
0	0
0	0
0	0
0	0
0	0
0	1	@	340
0	0
0	2	@	1059	1060
0	0
0	1	@	354
0	0
0	0
0	0
0	0
0	0
0	0
0	0
0	0
0	0
0	0
0	0
0	0
0	0
0	0
0	0
0	0
0	0
0	1	@	428
0	1	@	428
0	1	@	436
0	1	@	436
0	0
0	1	@	1065
0	0
0	1	@	448
0	0
0	0
0	0
0	1	@	1136
0	0
0	0
0	0
0	0
0	0
0	0
0	0
0	0
0	0
0	0
0	0
0	1	@	482
0	0
0	0
0	0
0	2	@	488	489
0	0
0	0
0	0
0	0
0	0
0	0
0	0
0	0
0	0
0	0
0	0
0	0
0	0
0	0
0	0
0	0
0	0
0	0
0	0
0	1	@	535
0	0
0	0
0	1	@	1065
0	0
0	0
0	0
0	0
0	0
0	0
0	0
0	1	@	565
0	0
0	0
0	0
0	0
0	0
0	0
0	0
0	0
0	0
0	1	@	600
0	1	@	603
0	1	@	605
0	1	@	610
0	0
0	0
0	0
0	0
0	0
0	0
0	2	@	632	1136
0	0
0	0
0	0
0	0
0	0
0	0
0	0
0	0
0	0
0	0
0	0
0	0
0	1	@	668
0	1	@	669
0	0
0	0
0	1	@	677
0	1	@	695
0	0
0	0
0	0
0	0
0	0
0	0
0	1	@	710
0	0
0	0
0	0
0	0
0	0
0	1	@	723
0	1	@	723
0	0
0	0
0	0
0	0
0	0
0	0
0	1	@	760
0	1	@	763
0	0
0	1	@	737
0	1	@	766
0	1	@	766
0	0
0	0
0	0
0	2	@	1064	1069
0	0
0	0
0	0
0	0
0	0
0	0
0	1	@	792
0	0
0	0
0	0
0	0
0	0
0	0
0	0
0	1	@	1065
0	0
0	0
0	0
0	0
0	0
0	0
0	0
0	0
0	0
0	0
0	0
0	0
0	0
0	0
0	0
0	0
0	1	@	855
0	1	@	855
0	0
0	0
0	1	@	859
0	0
0	0
0	0
0	0
0	1	@	873
0	0
0	0
0	0
0	0
0	0
0	0
0	1	@	887
0	0
0	0
0	0
0	0
0	0
0	1	@	906
0	0
0	0
0	0
0	0
0	0
0	0
0	1	@	1136
0	0
0	0
0	0
0	1	@	932
0	0
0	0
0	0
0	0
0	0
0	1	@	945
0	0
0	0
0	0
0	0
0	0
0	0
0	0
0	0
0	0
0	0
0	0
0	0
0	0
0	0
0	0
0	0
0	0
0	0
0	0
0	0
0	0
0	1	@	1009
0	1	@	1009
0	0
0	1	@	1019
0	0
0	0
0	1	@	1024
0	0
0	0
0	0
0	0
0	0
0	0
0	0
0	0
0	0
0	0
0	0
0	0
0	0
0	0
0	0
0	0
0	0
0	1	@	1083
0	0
0	0
0	0
0	0
0	0
0	0
0	1	@	1099
0	1	@	1096
0	1	@	1101
0	2	@	1102	1136
0	0
0	0
0	1	@	1117
0	0
0	0
0	0
0	0
0	0
0	0
0	0
0	0
0	0
0	0
0	0
0	0
0	0
0	1	@	1172
0	0
0	1	@	1117
0	0
0	0
0	1	@	1197
0	1	@	1197
0	0
0	0
0	0
0	0
0	0
0	0
0	1	@	1147
0	1	@	1205
0	1	@	1205
0	0
0	0
0	0
0	0
0	1	@	1065
0	0
0	0
0	0
0	0
0	0
0	0
0	0
0	0
0	0
0	0
0	0
0	0
0	0
0	1	@	625
0	0
0	0
0	0
0	0
0	0
0	0
0	0
0	0
0	0
0	0
0	0
0	0
0	0
0	0
0	1	@	1086
0	0
0	1	@	1137
0	0
0	1	@	1147
0	0
0	1	@	1147
0	0
0	0
0	0
0	0
0	0
0	1	@	1239
0	0
0	0
0	0
0	0
0	0
0	0
0	0
0	0
0	0
0	0
0	0
0	0
0	0
0	0
0	0
0	0
0	0
0	0
0	0
0	1	@	210
0	1	@	210
0	0
0	0
0	0
0	0
0	0
0	1	@	1156
0	1	@	1156
0	1	@	1156
0	1	@	1156
0	1	@	1156
0	0
0	0
0	0
0	0
0	0
0	0
0	0
0	0
0	0
0	0
0	0
0	0
0	0
0	1	@	313
0	1	@	313
0	1	@	313
0	1	@	331
0	0
0	0
0	0
0	0
0	0
0	0
0	0
0	0
0	0
0	0
0	0
0	0
0	0
0	0
0	0
0	0
0	0
0	1	@	384
0	1	@	384
0	0
0	0
0	0
0	0
0	0
0	0
0	0
0	0
0	0
0	0
0	0
0	0
0	4	@	60	133	397	952
0	0
0	0
0	0
0	0
0	0
0	0
0	1	@	506
0	1	@	506
0	0
0	0
0	2	@	509	1239
0	0
0	0
0	0
0	0
0	0
0	0
0	0
0	0
0	0
0	0
0	0
0	0
0	0
0	1	@	548
0	1	@	548
0	1	@	548
0	0
0	0
0	0
0	0
0	0
0	1	@	592
0	0
0	0
0	0
0	2	@	592	803
0	0
0	0
0	0
0	0
0	0
0	0
0	0
0	0
0	0
0	1	@	1277
0	0
0	0
0	0
0	0
0	0
0	0
0	0
0	0
0	0
0	0
0	0
0	0
0	0
0	0
0	2	@	730	731
0	0
0	1	@	798
0	0
0	0
0	0
0	1	@	460
0	0
0	0
0	0
0	0
0	0
0	0
0	0
0	0
0	0
0	0
0	0
0	1	@	827
0	1	@	1147
0	0
0	5	@	1	140	460	804	893
0	0
0	0
0	0
0	0
0	0
0	1	@	905
0	0
0	0
0	0
0	0
0	0
0	0
0	0
0	0
0	0
0	0
0	0
0	1	@	939
0	0
0	0
0	0
0	0
0	0
0	0
0	0
0	0
0	0
0	0
0	0
0	0
0	0
0	0
0	0
0	0
0	1	@	1109
0	0
0	0
0	0
0	1	@	1112
0	0
0	0
0	0
0	0
0	0
0	0
0	0
0	0
0	0
0	1	@	1147
0	0
0	0
0	0
0	0
0	0
0	1	@	1147
0	0
0	0
0	0
0	0
0	0
0	0
0	0
0	0
0	0
0	0
0	0
0	0
0	0
0	0
0	0
0	0
0	0
0	1	@	1196
0	1	@	1196
0	1	@	1196
0	0
0	0
0	0
0	0
0	0
0	0
0	0
0	0
0	0
0	0
0	0
0	0
0	0
0	0
0	0
0	0
0	0
0	0
0	0
0	0
0	0
0	0
0	0
0	0
0	0
0	0
0	0
0	0
0	0
0	0
0	0
0	0
0	0
0	0
0	0
0	0
0	1	@	501
0	1	@	501
0	0
0	0
0	0
0	0
0	0
0	0
0	0
0	0
0	0
0	0
0	0
0	0
0	1	@	428
0	1	@	436
0	0
0	0
0	0
0	0
0	0
0	0
0	0
0	0
0	0
0	0
0	0
0	0
0	0
0	0
0	0
0	0
0	0
0	0
0	0
0	0
0	0
0	0
0	0
0	0
0	0
0	0
0	0
0	2	@	592	803
0	0
0	1	@	460
0	0
0	0
0	0
0	1	@	653
0	0
0	0
0	2	@	709	1136
0	1	@	269
0	0
0	0
0	0
0	0
0	0
0	0
0	0
0	0
0	0
0	1	@	806
0	0
0	1	@	812
0	0
0	0
0	0
0	0
0	0
0	0
0	0
0	0
0	0
0	0
0	1	@	921
0	2	@	2	924
0	0
0	0
0	0
0	0
0	0
0	0
0	0
0	0
0	1	@	1112
0	0
0	0
0	0
0	0
0	0
0	0
0	0
0	0
0	0
0	0
0	0
0	0
0	0
0	0
0	0
0	0
0	0
0	0
0	0
0	2	@	1312	1313
0	0
0	0
0	0
0	0
0	0
0	0
0	0
0	0
0	0
0	0
0	0
0	0
0	0
0	0
0	0
0	0
0	0
0	0
0	0
0	0
0	0
0	0
0	0
0	0
0	0
0	0
0	0
0	0
0	0
0	1	@	1256
0	0
0	0
0	0
0	1	@	1261
0	0
0	1	@	1066
0	0
0	0
0	1	@	1269
0	0
0	0
0	0
0	1	@	1277
0	0
0	0
0	0
0	0
0	0
0	0
0	0
0	0
0	2	@	1059	1060
0	0
0	0
0	0
0	0
0	0
0	0
0	0
0	0
0	0
0	0
0	2	@	235	803
0	0
0	0
0	0
0	2	@	730	731
0	0
0	0
0	3	@	164	730	731
0	0
0	0
0	0
0	1	@	531
0	1	@	585
0	0
0	0
0	0
0	1	@	835
0	1	@	427
0	1	@	427
0	0
0	0
0	1	@	306
0	1	@	306
0	1	@	306
0	0
0	0
0	0
0	0
0	0
0	0
0	0
0	0
0	0
0	0
0	0
0	0
0	0
0	0
0	0
0	0
0	0
0	0
0	1	@	643
0	1	@	643
0	1	@	643
0	0
0	0
0	0
0	3	@	730	731	1023
0	2	@	730	731
0	0
0	0
0	0
0	3	@	730	731	1023
0	2	@	730	731
0	0
0	0
0	0
0	0
0	0
0	0
0	0
0	0
0	0
0	0
0	0
0	0
0	0
0	0
0	0
0	0
0	0
0	0
0	0
0	0
0	0
0	0
0	0
0	1	@	772
0	1	@	772
0	0
0	0
0	1	@	1181
0	1	@	1181
0	0
0	0
0	0
0	0
0	0
0	0
0	0
0	0
0	0
0	2	@	246	1136
0	0
0	0
0	0
0	0
0	0
0	0
0	0
0	0
0	0
0	0
0	0
0	0
0	2	@	268	1065
0	0
0	1	@	273
0	0
0	0
0	0
0	0
0	0
0	0
0	0
0	0
0	0
0	0
0	0
0	0
0	0
0	0
0	0
0	1	@	315
0	0
0	0
0	0
0	0
0	0
0	0
0	0
0	0
0	0
0	0
0	0
0	0
0	0
0	0
0	1	@	1147
0	0
0	0
0	0
0	0
0	1	@	350
0	0
0	0
0	0
0	0
0	0
0	0
0	0
0	0
0	0
0	0
0	0
0	0
0	0
0	0
0	0
0	0
0	0
0	0
0	0
0	0
0	0
0	0
0	0
0	0
0	0
0	0
0	1	@	441
0	0
0	0
0	0
0	0
0	0
0	1	@	455
0	0
0	0
0	0
0	0
0	0
0	0
0	0
0	1	@	473
0	0
0	0
0	0
0	0
0	0
0	0
0	0
0	0
0	0
0	0
0	1	@	514
0	0
0	1	@	518
0	0
0	0
0	0
0	0
0	0
0	0
0	0
0	0
0	0
0	0
0	0
0	0
0	0
0	0
0	0
0	0
0	0
0	0
0	0
0	0
0	0
0	0
0	0
0	1	@	1065
0	0
0	0
0	0
0	0
0	0
0	0
0	0
0	0
0	0
0	1	@	582
0	0
0	0
0	0
0	0
0	0
0	0
0	0
0	0
0	0
0	1	@	633
0	0
0	1	@	636
0	0
0	0
0	0
0	0
0	0
0	0
0	0
0	0
0	0
0	1	@	660
0	0
0	0
0	0
0	1	@	1065
0	0
0	0
0	0
0	0
0	0
0	0
0	0
0	1	@	715
0	0
0	1	@	718
0	1	@	718
0	0
0	0
0	0
0	0
0	0
0	0
0	1	@	748
0	1	@	764
0	0
0	0
0	0
0	0
0	0
0	0
0	0
0	0
0	0
0	0
0	0
0	0
0	0
0	0
0	1	@	805
0	0
0	0
0	0
0	0
0	0
0	0
0	1	@	1147
0	0
0	0
0	0
0	0
0	0
0	0
0	1	@	1147
0	0
0	0
0	0
0	0
0	0
0	0
0	0
0	0
0	0
0	0
0	0
0	0
0	2	@	874	1065
0	0
0	0
0	0
0	0
0	0
0	0
0	0
0	0
0	0
0	0
0	0
0	0
0	0
0	0
0	0
0	0
0	0
0	1	@	931
0	0
0	0
0	0
0	0
0	0
0	0
0	1	@	944
0	0
0	0
0	0
0	1	@	949
0	0
0	0
0	0
0	0
0	1	@	991
0	0
0	0
0	0
0	0
0	0
0	0
0	0
0	0
0	0
0	0
0	0
0	0
0	0
0	0
0	0
0	0
0	0
0	0
0	0
0	0
0	0
0	0
0	0
0	0
0	0
0	0
0	0
0	0
0	0
0	0
0	0
0	0
0	0
0	0
0	0
0	1	@	1017
0	0
0	0
0	0
0	0
0	0
0	0
0	0
0	0
0	0
0	0
0	1	@	1037
0	0
0	0
0	0
0	0
0	1	@	1047
0	0
0	0
0	1	@	1081
0	0
0	0
0	0
0	0
0	0
0	0
0	0
0	0
0	0
0	0
0	4	@	60	133	952	1097
0	0
0	1	@	1105
0	0
0	1	@	1067
0	0
0	0
0	0
0	0
0	1	@	1132
0	0
0	0
0	0
0	1	@	1140
0	1	@	1141
0	0
0	0
0	0
0	0
0	0
0	0
0	0
0	0
0	0
0	1	@	1200
0	0
0	0
0	0
0	0
0	0
0	0
0	1	@	1208
0	0
0	0
0	0
0	0
0	0
0	0
0	0
0	0
0	0
0	0
0	0
0	0
0	0
0	0
0	0
0	0
0	0
0	0
0	0
0	0
0	0
0	0
0	0
0	0
0	0
0	0
0	0
0	0
0	0
0	0
0	0
0	0
0	0
0	0
0	0
0	0
0	0
0	0
0	1	@	1147
0	0
0	0
0	0
0	0
0	0
0	0
0	0
0	0
0	0
0	1	@	200
0	0
0	0
0	0
0	0
0	0
0	0
0	0
0	0
0	0
0	1	@	207
0	1	@	207
0	1	@	209
0	1	@	209
0	0
0	0
0	0
0	0
0	0
0	0
0	0
0	2	@	213	1154
0	2	@	213	1154
0	2	@	213	1154
0	2	@	213	1154
0	2	@	213	1154
0	2	@	213	1154
0	2	@	730	731
0	0
0	0
0	0
0	0
0	0
0	0
0	0
0	0
0	0
0	0
0	0
0	1	@	312
0	1	@	312
0	0
0	0
0	0
0	0
0	0
0	0
0	0
0	0
0	0
0	0
0	0
0	0
0	0
0	0
0	0
0	0
0	0
0	0
0	0
0	0
0	0
0	0
0	0
0	0
0	0
0	0
0	0
0	0
0	0
0	0
0	0
0	0
0	0
0	0
0	0
0	0
0	0
0	0
0	0
0	0
0	1	@	499
0	1	@	499
0	0
0	0
0	0
0	0
0	0
0	0
0	0
0	1	@	512
0	1	@	512
0	0
0	0
0	0
0	0
0	0
0	0
0	0
0	3	@	730	731	1023
0	0
0	0
0	1	@	1066
0	1	@	591
0	2	@	591	803
0	0
0	0
0	0
0	0
0	0
0	0
0	0
0	0
0	0
0	0
0	0
0	1	@	689
0	0
0	0
0	0
0	0
0	0
0	0
0	0
0	0
0	0
0	0
0	0
0	0
0	1	@	460
0	0
0	0
0	1	@	622
0	0
0	1	@	1147
0	0
0	1	@	789
0	0
0	0
0	2	@	730	731
0	2	@	730	731
0	0
0	0
0	0
0	0
0	0
0	1	@	895
0	1	@	895
0	2	@	863	1277
0	0
0	0
0	0
0	0
0	0
0	0
0	0
0	0
0	0
0	0
0	0
0	0
0	0
0	0
0	0
0	0
0	0
0	0
0	0
0	0
0	0
0	0
0	0
0	0
0	0
0	0
0	0
0	0
0	0
0	0
0	0
0	2	@	821	1110
0	2	@	821	1110
0	0
0	1	@	1114
0	1	@	1114
0	1	@	1119
0	1	@	1119
0	1	@	1119
0	0
0	0
0	0
0	0
0	0
0	0
0	0
0	0
0	1	@	1148
0	1	@	1148
0	0
0	1	@	1152
0	1	@	1117
0	1	@	1117
0	0
0	0
0	0
0	0
0	0
0	0
0	0
0	0
0	0
0	0
0	0
0	0
0	0
0	0
0	0
0	0
0	0
0	0
0	0
0	0
0	0
0	0
0	0
0	0
0	0
0	0
0	0
0	0
0	0
0	0
0	0
0	0
0	0
0	0
0	0
0	0
0	0
0	0
0	1	@	1347
0	1	@	1347
0	0
0	0
0	0
0	1	@	503
0	1	@	503
0	1	@	1350
0	1	@	1350
0	1	@	1350
0	1	@	1350
0	0
0	0
0	0
0	0
0	0
0	1	@	1302
0	0
0	0
0	0
0	0
0	0
0	0
0	0
0	0
0	0
0	0
0	0
0	0
0	0
0	0
0	0
0	1	@	295
0	0
0	0
0	0
0	1	@	453
0	0
0	1	@	464
0	2	@	730	731
0	0
0	0
0	0
0	1	@	537
0	0
0	0
0	0
0	1	@	1066
0	0
0	0
0	0
0	0
0	0
0	0
0	0
0	0
0	0
0	0
0	0
0	0
0	0
0	0
0	0
0	0
0	0
0	0
0	0
0	0
0	0
0	0
0	0
0	0
0	0
0	0
0	0
0	0
0	0
0	0
0	1	@	946
0	0
0	2	@	730	731
0	2	@	730	731
0	0
0	1	@	1044
0	0
0	0
0	0
0	0
0	0
0	0
0	0
0	0
0	0
0	0
0	0
0	0
0	0
0	0
0	0
0	0
0	1	@	157
0	0
0	0
0	0
0	1	@	1065
0	0
0	1	@	1310
0	1	@	1314
0	0
0	0
0	0
0	0
0	0
0	0
0	0
0	0
0	0
0	0
0	0
0	0
0	0
0	0
0	0
0	0
0	0
0	0
0	0
0	0
0	0
0	0
0	1	@	1337
0	1	@	1338
0	0
0	0
0	0
0	0
0	1	@	1256
0	0
0	0
0	0
0	0
0	0
0	0
0	0
0	0
0	1	@	1270
0	0
0	1	@	1273
0	0
0	0
0	0
0	0
0	0
0	0
0	0
0	0
0	0
0	0
0	0
0	0
0	0
0	0
0	0
0	0
0	1	@	399
0	0
0	0
0	0
0	1	@	278
0	2	@	730	731
0	0
0	1	@	688
0	2	@	730	731
0	2	@	730	731
0	2	@	730	731
0	0
0	0
0	0
0	0
0	0
0	0
0	0
0	0
0	0
0	0
0	0
0	1	@	543
0	1	@	543
0	1	@	544
0	1	@	543
0	0
0	0
0	0
0	0
0	0
0	0
0	1	@	1065
0	0
0	0
0	0
0	5	@	1	140	460	804	840
0	1	@	840
0	2	@	460	840
0	0
0	0
0	5	@	1	140	460	804	919
0	1	@	919
0	2	@	460	919
0	0
0	1	@	1147
0	1	@	1147
0	0
0	0
0	0
0	0
0	0
0	0
0	0
0	0
0	0
0	1	@	1158
0	0
0	0
0	1	@	1158
0	0
0	0
0	0
0	0
0	0
0	1	@	1163
0	1	@	1163
0	0
0	0
0	0
0	0
0	0
0	0
0	0
0	0
0	0
0	0
0	0
0	0
0	0
0	0
0	0
0	0
0	0
0	0
0	0
0	0
0	0
0	1	@	231
0	0
0	0
0	0
0	0
0	0
0	1	@	247
0	0
0	0
0	0
0	1	@	245
0	0
0	0
0	0
0	0
0	0
0	0
0	1	@	262
0	0
0	0
0	0
0	1	@	280
0	0
0	0
0	0
0	0
0	0
0	1	@	287
0	0
0	0
0	0
0	0
0	1	@	300
0	0
0	0
0	0
0	0
0	0
0	0
0	0
0	0
0	0
0	0
0	0
0	0
0	1	@	336
0	0
0	0
0	0
0	0
0	0
0	0
0	0
0	0
0	1	@	349
0	0
0	1	@	352
0	0
0	0
0	1	@	403
0	0
0	0
0	0
0	0
0	0
0	0
0	1	@	423
0	0
0	0
0	1	@	429
0	1	@	429
0	1	@	429
0	0
0	0
0	0
0	1	@	433
0	1	@	434
0	1	@	429
0	0
0	0
0	0
0	0
0	0
0	0
0	0
0	0
0	0
0	0
0	0
0	0
0	0
0	0
0	0
0	0
0	1	@	486
0	0
0	0
0	0
0	0
0	0
0	0
0	0
0	0
0	0
0	0
0	0
0	0
0	0
0	1	@	526
0	1	@	527
0	0
0	0
0	0
0	0
0	1	@	532
0	1	@	533
0	0
0	0
0	0
0	0
0	0
0	0
0	0
0	1	@	555
0	0
0	0
0	1	@	559
0	0
0	0
0	0
0	0
0	0
0	0
0	0
0	0
0	0
0	0
0	0
0	0
0	1	@	1065
0	0
0	0
0	0
0	0
0	0
0	0
0	0
0	0
0	0
0	0
0	2	@	637	1136
0	1	@	645
0	1	@	646
0	0
0	1	@	648
0	0
0	0
0	0
0	0
0	0
0	0
0	1	@	675
0	1	@	1147
0	0
0	0
0	0
0	0
0	0
0	0
0	0
0	0
0	0
0	4	@	60	133	716	952
0	1	@	713
0	0
0	0
0	0
0	1	@	732
0	0
0	0
0	1	@	1065
0	0
0	0
0	0
0	0
0	0
0	0
0	1	@	778
0	1	@	779
0	1	@	780
0	0
0	0
0	0
0	0
0	1	@	794
0	0
0	0
0	0
0	0
0	0
0	0
0	0
0	0
0	0
0	0
0	0
0	0
0	0
0	0
0	0
0	0
0	0
0	0
0	0
0	0
0	2	@	888	1136
0	0
0	0
0	1	@	1136
0	0
0	0
0	0
0	0
0	0
0	0
0	0
0	0
0	0
0	0
0	0
0	1	@	892
0	1	@	890
0	0
0	0
0	0
0	0
0	0
0	0
0	0
0	0
0	0
0	1	@	929
0	0
0	0
0	0
0	0
0	1	@	940
0	1	@	943
0	0
0	1	@	948
0	0
0	0
0	0
0	0
0	0
0	0
0	0
0	0
0	0
0	0
0	0
0	0
0	0
0	1	@	1117
0	0
0	0
0	0
0	0
0	1	@	995
0	1	@	997
0	1	@	998
0	0
0	0
0	0
0	0
0	0
0	0
0	0
0	1	@	1067
0	0
0	0
0	0
0	0
0	0
0	0
0	0
0	0
0	0
0	0
0	0
0	0
0	1	@	1033
0	0
0	0
0	0
0	0
0	0
0	0
0	0
0	0
0	0
0	0
0	0
0	0
0	1	@	1089
0	0
0	0
0	0
0	0
0	1	@	1066
0	0
0	0
0	2	@	1064	1069
0	0
0	1	@	1127
0	1	@	1128
0	2	@	1131	1136
0	0
0	0
0	0
0	0
0	0
0	0
0	0
0	0
0	0
0	0
0	0
0	1	@	1198
0	0
0	0
0	0
0	0
0	0
0	0
0	1	@	1204
0	1	@	1204
0	0
0	0
0	0
0	0
0	0
0	0
0	0
0	0
0	0
0	1	@	1221
0	0
0	0
0	0
0	0
0	1	@	1235
0	0
0	0
0	0
0	0
0	0
0	0
0	0
0	0
0	0
0	0
0	0
0	0
0	0
0	0
0	0
0	0
0	0
0	0
0	2	@	216	595
0	2	@	216	595
0	2	@	216	595
0	0
0	0
0	0
0	0
0	0
0	1	@	1226
0	0
0	0
0	0
0	0
0	0
0	0
0	0
0	1	@	1147
0	0
0	1	@	202
0	1	@	202
0	1	@	202
0	1	@	200
0	0
0	0
0	0
0	0
0	0
0	0
0	0
0	0
0	0
0	0
0	0
0	0
0	0
0	0
0	1	@	212
0	1	@	212
0	1	@	460
0	0
0	0
0	0
0	0
0	0
0	0
0	0
0	0
0	0
0	0
0	0
0	0
0	0
0	0
0	0
0	0
0	0
0	0
0	0
0	0
0	0
0	0
0	0
0	0
0	0
0	0
0	0
0	0
0	0
0	0
0	0
0	0
0	0
0	0
0	0
0	0
0	0
0	0
0	0
0	0
0	0
0	0
0	0
0	0
0	0
0	0
0	0
0	0
0	0
0	0
0	0
0	0
0	0
0	0
0	0
0	0
0	0
0	0
0	0
0	0
0	0
0	0
0	0
0	0
0	0
0	0
0	0
0	0
0	0
0	0
0	0
0	0
0	1	@	547
0	1	@	547
0	5	@	1	140	460	588	804
0	0
0	0
0	0
0	0
0	0
0	0
0	0
0	0
0	0
0	0
0	0
0	0
0	0
0	0
0	0
0	0
0	0
0	0
0	0
0	0
0	1	@	694
0	1	@	694
0	0
0	0
0	0
0	0
0	3	@	730	731	1023
0	0
0	0
0	0
0	0
0	0
0	2	@	460	825
0	3	@	460	825	856
0	0
0	0
0	0
0	0
0	0
0	0
0	0
0	0
0	0
0	0
0	0
0	0
0	0
0	0
0	0
0	0
0	0
0	0
0	0
0	0
0	0
0	0
0	0
0	0
0	0
0	0
0	0
0	0
0	0
0	0
0	0
0	0
0	0
0	2	@	1057	1061
0	2	@	1057	1061
0	2	@	1057	1061
0	0
0	0
0	1	@	1156
0	1	@	1156
0	1	@	1156
0	1	@	1156
0	1	@	1156
0	0
0	0
0	2	@	730	731
0	2	@	1059	1060
0	0
0	0
0	0
0	0
0	0
0	2	@	1144	1277
0	0
0	0
0	0
0	0
0	0
0	0
0	0
0	0
0	0
0	0
0	0
0	1	@	1195
0	1	@	1195
0	0
0	0
0	0
0	0
0	0
0	0
0	0
0	0
0	0
0	0
0	0
0	0
0	0
0	0
0	0
0	0
0	0
0	0
0	0
0	0
0	0
0	0
0	0
0	0
0	0
0	0
0	0
0	0
0	0
0	0
0	1	@	1346
0	1	@	1346
0	1	@	1346
0	3	@	729	737	1348
0	2	@	737	1348
0	2	@	737	1348
0	2	@	737	1348
0	0
0	0
0	0
0	1	@	1351
0	1	@	1351
0	1	@	1351
0	2	@	1059	1060
0	0
0	0
0	0
0	0
0	1	@	252
0	0
0	0
0	0
0	0
0	0
0	0
0	0
0	0
0	0
0	1	@	265
0	0
0	0
0	2	@	730	731
0	0
0	0
0	2	@	460	465
0	0
0	0
0	0
0	0
0	0
0	0
0	0
0	0
0	4	@	612	730	731	1023
0	0
0	1	@	635
0	0
0	0
0	1	@	707
0	0
0	1	@	1256
0	0
0	1	@	743
0	0
0	1	@	751
0	0
0	0
0	1	@	807
0	0
0	1	@	817
0	0
0	0
0	0
0	1	@	865
0	1	@	866
0	0
0	0
0	0
0	0
0	1	@	884
0	0
0	2	@	972	1136
0	2	@	730	731
0	2	@	730	731
0	0
0	0
0	2	@	730	731
0	0
0	0
0	0
0	2	@	625	1126
0	0
0	0
0	0
0	0
0	0
0	0
0	0
0	0
0	0
0	0
0	1	@	157
0	1	@	1117
0	0
0	0
0	0
0	0
0	0
0	0
0	0
0	0
0	0
0	0
0	0
0	0
0	0
0	1	@	1239
0	0
0	0
0	0
0	0
0	3	@	60	133	952
0	0
0	0
0	0
0	0
0	0
0	0
0	0
0	0
0	0
0	1	@	1341
0	0
0	1	@	1256
0	0
0	0
0	0
0	1	@	1265
0	1	@	1066
0	0
0	1	@	1268
0	0
0	0
0	1	@	1271
0	0
0	2	@	1274	1277
0	0
0	0
0	0
0	0
0	0
0	2	@	1059	1060
0	0
0	0
0	0
0	0
0	0
0	1	@	1066
0	1	@	1171
0	0
0	3	@	674	730	731
0	0
0	2	@	358	460
0	2	@	359	460
0	2	@	360	460
0	1	@	1117
0	0
0	0
0	0
0	0
0	0
0	0
0	0
0	0
0	0
0	0
0	0
0	1	@	483
0	0
0	0
0	0
0	0
0	0
0	0
0	1	@	631
0	0
0	0
0	0
0	1	@	796
0	1	@	762
0	1	@	800
0	0
0	0
0	0
0	0
0	0
0	0
0	0
0	0
0	0
0	0
0	0
0	0
0	0
0	0
0	0
0	0
0	0
0	1	@	1160
0	1	@	1160
0	1	@	1161
0	1	@	1162
0	1	@	1162
0	0
0	0
0	0
0	0
0	0
0	0
0	0
0	0
0	0
0	0
0	0
0	0
0	0
0	0
0	0
0	0
0	0
0	0
0	1	@	197
0	0
0	0
0	0
0	0
0	0
0	0
0	1	@	241
0	0
0	0
0	0
0	0
0	0
0	0
0	4	@	60	133	263	952
0	0
0	2	@	730	731
0	0
0	1	@	279
0	1	@	283
0	0
0	0
0	0
0	1	@	290
0	0
0	0
0	0
0	1	@	1065
0	0
0	0
0	0
0	0
0	0
0	0
0	1	@	320
0	0
0	0
0	1	@	328
0	0
0	1	@	335
0	0
0	0
0	0
0	0
0	1	@	346
0	0
0	0
0	0
0	1	@	345
0	0
0	1	@	355
0	0
0	0
0	1	@	405
0	0
0	0
0	0
0	0
0	0
0	1	@	426
0	0
0	0
0	0
0	0
0	1	@	437
0	0
0	1	@	443
0	1	@	447
0	0
0	0
0	0
0	0
0	0
0	0
0	0
0	0
0	0
0	0
0	0
0	0
0	0
0	0
0	0
0	0
0	1	@	496
0	1	@	497
0	0
0	0
0	0
0	0
0	0
0	0
0	2	@	528	1136
0	0
0	0
0	0
0	0
0	1	@	552
0	1	@	553
0	0
0	0
0	1	@	558
0	4	@	60	133	560	952
0	0
0	0
0	1	@	569
0	0
0	0
0	0
0	0
0	0
0	0
0	0
0	0
0	1	@	583
0	1	@	583
0	0
0	0
0	1	@	601
0	1	@	616
0	1	@	617
0	1	@	618
0	0
0	0
0	0
0	0
0	1	@	647
0	2	@	649	1136
0	0
0	0
0	0
0	1	@	663
0	1	@	673
0	1	@	1065
0	1	@	678
0	0
0	0
0	0
0	0
0	0
0	1	@	703
0	1	@	703
0	0
0	0
0	0
0	0
0	4	@	60	133	714	952
0	0
0	0
0	0
0	0
0	0
0	0
0	1	@	765
0	0
0	1	@	769
0	0
0	0
0	0
0	1	@	788
0	0
0	1	@	1136
0	0
0	1	@	802
0	0
0	0
0	0
0	0
0	0
0	0
0	1	@	832
0	0
0	0
0	0
0	1	@	839
0	0
0	0
0	0
0	0
0	0
0	0
0	0
0	0
0	1	@	851
0	0
0	1	@	857
0	0
0	1	@	867
0	0
0	0
0	0
0	0
0	0
0	0
0	0
0	1	@	885
0	0
0	0
0	4	@	60	133	891	952
0	1	@	900
0	2	@	918	1136
0	0
0	0
0	0
0	0
0	0
0	0
0	0
0	2	@	930	1136
0	0
0	0
0	0
0	1	@	947
0	0
0	0
0	0
0	0
0	0
0	0
0	0
0	0
0	0
0	0
0	0
0	0
0	0
0	0
0	0
0	0
0	0
0	0
0	0
0	1	@	1065
0	0
0	0
0	0
0	0
0	1	@	1002
0	0
0	1	@	1004
0	2	@	1064	1069
0	1	@	1008
0	0
0	0
0	0
0	1	@	1013
0	0
0	1	@	1013
0	1	@	1020
0	0
0	0
0	0
0	0
0	0
0	0
0	0
0	0
0	2	@	1036	1136
0	0
0	1	@	1040
0	0
0	0
0	1	@	1077
0	0
0	0
0	0
0	0
0	0
0	0
0	0
0	1	@	1065
0	0
0	0
0	0
0	0
0	0
0	0
0	0
0	0
0	1	@	1175
0	1	@	1174
0	0
0	0
0	0
0	0
0	1	@	1180
0	0
0	0
0	0
0	1	@	1212
0	0
0	0
0	0
0	1	@	1207
0	1	@	1209
0	0
0	0
0	0
0	0
0	1	@	1218
0	0
0	0
0	0
0	0
0	0
0	0
0	1	@	1247
0	1	@	1249
0	0
0	0
0	0
0	0
0	0
0	0
0	0
0	0
0	0
0	0
0	0
0	0
0	0
0	0
0	0
0	0
0	0
0	0
0	0
0	1	@	232
0	0
0	0
0	1	@	1229
0	0
0	1	@	1231
0	1	@	1232
0	1	@	1234
0	0
0	0
0	1	@	200
0	0
0	1	@	1117
0	0
0	0
0	0
0	2	@	204	1065
0	0
0	0
0	0
0	0
0	0
0	0
0	0
0	1	@	220
0	1	@	220
0	1	@	220
0	1	@	1156
0	1	@	1156
0	1	@	1156
0	1	@	1156
0	1	@	1156
0	0
0	0
0	0
0	0
0	0
0	0
0	0
0	0
0	0
0	0
0	0
0	0
0	0
0	0
0	0
0	0
0	0
0	0
0	0
0	0
0	1	@	1117
0	1	@	1117
0	1	@	1117
0	0
0	1	@	1117
0	0
0	0
0	0
0	0
0	0
0	0
0	0
0	0
0	0
0	0
0	0
0	0
0	0
0	0
0	0
0	0
0	0
0	0
0	0
0	1	@	396
0	1	@	396
0	0
0	0
0	1	@	469
0	0
0	0
0	0
0	0
0	0
0	0
0	0
0	0
0	0
0	0
0	0
0	0
0	0
0	0
0	0
0	0
0	0
0	0
0	0
0	1	@	590
0	2	@	590	680
0	0
0	0
0	0
0	0
0	0
0	2	@	730	731
0	0
0	0
0	0
0	0
0	0
0	0
0	1	@	681
0	1	@	690
0	1	@	690
0	0
0	0
0	0
0	0
0	0
0	0
0	0
0	0
0	4	@	730	731	735	1023
0	0
0	0
0	3	@	60	133	952
0	5	@	1	140	460	785	804
0	0
0	0
0	0
0	0
0	0
0	0
0	0
0	0
0	0
0	0
0	0
0	0
0	1	@	1156
0	1	@	1156
0	1	@	1156
0	1	@	1156
0	1	@	1156
0	0
0	0
0	0
0	0
0	0
0	0
0	0
0	0
0	0
0	0
0	0
0	0
0	0
0	0
0	0
0	0
0	0
0	0
0	0
0	0
0	0
0	1	@	1063
0	1	@	1154
0	1	@	1154
0	1	@	1154
0	1	@	1154
0	1	@	1154
0	1	@	1154
0	0
0	0
0	2	@	460	1113
0	0
0	0
0	0
0	1	@	1122
0	1	@	1122
0	0
0	0
0	0
0	0
0	0
0	0
0	0
0	0
0	0
0	0
0	0
0	0
0	0
0	0
0	1	@	624
0	0
0	0
0	0
0	0
0	0
0	0
0	0
0	1	@	1360
0	0
0	0
0	0
0	0
0	0
0	0
0	0
0	0
0	0
0	0
0	0
0	0
0	0
0	0
0	0
0	0
0	0
0	0
0	0
0	0
0	0
0	0
0	0
0	0
0	0
0	0
0	0
0	2	@	356	460
0	1	@	446
0	0
0	0
0	1	@	521
0	1	@	536
0	0
0	0
0	0
0	0
0	0
0	0
0	0
0	0
0	0
0	2	@	1256	1306
0	0
0	0
0	0
0	0
0	0
0	0
0	1	@	862
0	0
0	0
0	0
0	2	@	680	871
0	0
0	0
0	2	@	730	731
0	0
0	0
0	2	@	460	1113
0	0
0	0
0	1	@	1107
0	0
0	0
0	0
0	0
0	0
0	0
0	0
0	0
0	0
0	0
0	1	@	157
0	0
0	0
0	0
0	0
0	0
0	0
0	0
0	0
0	0
0	0
0	0
0	0
0	1	@	1322
0	1	@	1323
0	0
0	0
0	0
0	2	@	324	1327
0	0
0	0
0	1	@	1330
0	0
0	0
0	0
0	0
0	0
0	0
0	0
0	0
0	0
0	1	@	1256
0	0
0	0
0	0
0	1	@	1277
0	0
0	0
0	0
0	1	@	1272
0	0
0	0
0	0
0	0
0	0
0	2	@	1059	1060
0	0
0	0
0	0
0	0
0	0
0	0
0	0
0	0
0	0
0	0
0	2	@	1057	1061
0	1	@	281
0	0
0	0
0	0
0	0
0	0
0	0
0	0
0	0
0	0
0	0
0	0
0	0
0	0
0	0
0	0
0	0
0	0
0	0
0	0
0	0
0	0
0	0
0	0
0	0
0	0
0	0
0	0
0	0
0	0
0	0
0	0
0	0
0	0
0	0
0	1	@	1067
0	1	@	1159
0	1	@	1159
0	1	@	1159
0	1	@	1164
0	1	@	1164
0	1	@	1164
0	0
0	0
0	0
0	0
0	0
0	0
0	0
0	0
0	0
0	0
0	0
0	0
0	0
0	0
0	0
0	1	@	1065
0	0
0	0
0	0
0	0
0	0
0	0
0	0
0	1	@	1117
0	0
0	0
0	0
0	0
0	0
0	0
0	1	@	460
0	0
0	0
0	0
0	1	@	220
0	2	@	291	1136
0	1	@	292
0	0
0	0
0	0
0	0
0	0
0	1	@	314
0	0
0	0
0	0
0	0
0	1	@	334
0	0
0	0
0	0
0	1	@	339
0	0
0	2	@	344	1136
0	0
0	0
0	0
0	0
0	0
0	0
0	0
0	0
0	0
0	0
0	0
0	0
0	1	@	1065
0	0
0	0
0	0
0	0
0	1	@	456
0	1	@	458
0	0
0	0
0	0
0	0
0	0
0	0
0	0
0	1	@	481
0	0
0	0
0	0
0	1	@	495
0	1	@	494
0	0
0	0
0	2	@	519	1136
0	1	@	520
0	1	@	522
0	0
0	1	@	1065
0	0
0	0
0	0
0	0
0	0
0	0
0	0
0	0
0	1	@	993
0	0
0	0
0	0
0	0
0	0
0	0
0	0
0	0
0	1	@	619
0	1	@	620
0	0
0	1	@	634
0	0
0	0
0	1	@	655
0	0
0	0
0	0
0	0
0	0
0	0
0	0
0	0
0	0
0	1	@	705
0	0
0	1	@	711
0	0
0	0
0	0
0	1	@	742
0	0
0	0
0	1	@	767
0	0
0	0
0	1	@	1067
0	2	@	791	1065
0	0
0	0
0	0
0	0
0	1	@	811
0	0
0	1	@	737
0	0
0	1	@	834
0	1	@	836
0	0
0	0
0	0
0	0
0	0
0	1	@	1067
0	0
0	0
0	0
0	1	@	854
0	0
0	0
0	0
0	1	@	875
0	0
0	0
0	0
0	0
0	0
0	0
0	0
0	0
0	3	@	730	731	925
0	0
0	0
0	0
0	1	@	933
0	1	@	934
0	0
0	1	@	970
0	0
0	0
0	0
0	0
0	0
0	0
0	0
0	0
0	1	@	983
0	0
0	0
0	0
0	0
0	0
0	0
0	0
0	0
0	1	@	994
0	1	@	999
0	1	@	1000
0	0
0	0
0	0
0	0
0	0
0	0
0	0
0	2	@	1021	1136
0	1	@	1025
0	0
0	0
0	0
0	0
0	0
0	0
0	2	@	386	1038
0	1	@	1065
0	0
0	0
0	0
0	0
0	0
0	0
0	1	@	1091
0	0
0	0
0	2	@	1066	1100
0	0
0	0
0	0
0	1	@	1125
0	1	@	1129
0	0
0	0
0	0
0	1	@	1173
0	0
0	0
0	1	@	1178
0	0
0	0
0	0
0	1	@	1203
0	0
0	1	@	1065
0	1	@	1065
0	0
0	0
0	1	@	1219
0	0
0	0
0	1	@	1225
0	0
0	0
0	1	@	898
0	0
0	0
0	0
0	0
0	0
0	0
0	0
0	0
0	0
0	0
0	1	@	1156
0	0
0	0
0	0
0	0
0	1	@	539
0	1	@	858
0	1	@	1227
0	1	@	1228
0	0
0	0
0	1	@	1239
0	1	@	200
0	0
0	1	@	243
0	0
0	0
0	0
0	0
0	0
0	0
0	0
0	0
0	0
0	3	@	730	731	1023
0	1	@	218
0	1	@	218
0	2	@	222	1154
0	2	@	222	1154
0	2	@	222	1154
0	2	@	222	1154
0	2	@	222	1154
0	2	@	222	1154
0	0
0	0
0	0
0	0
0	0
0	0
0	0
0	0
0	0
0	0
0	0
0	0
0	0
0	0
0	0
0	0
0	0
0	0
0	0
0	0
0	0
0	0
0	0
0	0
0	0
0	0
0	0
0	0
0	0
0	0
0	0
0	0
0	0
0	0
0	0
0	0
0	0
0	1	@	624
0	0
0	0
0	0
0	0
0	0
0	0
0	0
0	0
0	0
0	2	@	507	624
0	0
0	0
0	0
0	0
0	1	@	511
0	2	@	511	803
0	0
0	1	@	485
0	0
0	0
0	0
0	0
0	0
0	0
0	0
0	0
0	0
0	0
0	0
0	2	@	460	614
0	0
0	0
0	1	@	640
0	0
0	0
0	0
0	0
0	0
0	0
0	0
0	0
0	0
0	0
0	1	@	721
0	0
0	4	@	60	133	783	952
0	0
0	0
0	0
0	0
0	0
0	0
0	0
0	1	@	686
0	0
0	0
0	0
0	1	@	837
0	0
0	1	@	1154
0	1	@	1154
0	1	@	1154
0	1	@	1154
0	1	@	1154
0	1	@	1154
0	0
0	0
0	0
0	0
0	0
0	0
0	0
0	0
0	1	@	955
0	1	@	955
0	1	@	955
0	1	@	955
0	2	@	1059	1060
0	0
0	0
0	0
0	0
0	0
0	0
0	0
0	0
0	0
0	0
0	0
0	0
0	0
0	1	@	1076
0	1	@	1076
0	0
0	0
0	1	@	1120
0	0
0	0
0	0
0	0
0	0
0	0
0	0
0	0
0	0
0	0
0	0
0	0
0	0
0	0
0	0
0	0
0	1	@	1299
0	0
0	0
0	0
0	0
0	0
0	0
0	0
0	0
0	0
0	0
0	0
0	0
0	0
0	0
0	0
0	0
0	0
0	0
0	0
0	0
0	0
0	0
0	0
0	0
0	0
0	0
0	0
0	0
0	1	@	687
0	0
0	0
0	0
0	0
0	0
0	0
0	0
0	0
0	1	@	1185
0	0
0	0
0	0
0	0
0	0
0	0
0	1	@	488
0	0
0	2	@	488	579
0	0
0	0
0	0
0	0
0	0
0	0
0	0
0	0
0	0
0	0
0	0
0	0
0	1	@	864
0	0
0	0
0	0
0	0
0	2	@	730	731
0	0
0	1	@	1049
0	0
0	1	@	1095
0	0
0	0
0	0
0	0
0	0
0	0
0	0
0	0
0	0
0	0
0	0
0	1	@	157
0	0
0	0
0	0
0	1	@	1308
0	1	@	1309
0	1	@	1315
0	0
0	0
0	0
0	0
0	0
0	0
0	0
0	0
0	0
0	1	@	1328
0	0
0	0
0	0
0	0
0	0
0	0
0	0
0	0
0	0
0	0
0	1	@	1256
0	0
0	0
0	0
0	0
0	0
0	0
0	1	@	1275
0	0
0	0
0	0
0	0
0	0
0	0
0	0
0	1	@	160
0	0
0	0
0	0
0	0
0	2	@	505	1066
0	0
0	0
0	1	@	297
0	0
0	0
0	1	@	377
0	1	@	377
0	1	@	377
0	1	@	377
0	1	@	378
0	1	@	378
0	1	@	378
0	1	@	378
0	0
0	0
0	0
0	0
0	0
0	0
0	0
0	0
0	0
0	0
0	0
0	0
0	1	@	894
0	1	@	894
0	0
0	0
0	0
0	1	@	1090
0	0
0	0
0	0
0	0
0	0
0	0
0	0
0	2	@	1064	1069
0	0
0	0
0	0
0	0
0	0
0	0
0	0
0	0
0	0
0	0
0	0
0	0
0	0
0	0
0	0
0	0
0	0
0	0
0	0
0	0
0	0
0	0
0	0
0	0
0	0
0	0
0	0
0	0
0	0
0	0
0	0
0	1	@	264
0	0
0	0
0	0
0	1	@	228
0	0
0	0
0	0
0	1	@	299
0	1	@	302
0	1	@	303
0	0
0	1	@	316
0	0
0	0
0	0
0	0
0	0
0	0
0	2	@	353	354
0	0
0	0
0	0
0	0
0	0
0	0
0	0
0	0
0	0
0	0
0	0
0	0
0	0
0	1	@	1277
0	0
0	0
0	0
0	0
0	0
0	0
0	0
0	0
0	0
0	0
0	0
0	0
0	0
0	2	@	516	1136
0	0
0	0
0	0
0	0
0	0
0	0
0	0
0	1	@	556
0	0
0	0
0	0
0	1	@	571
0	1	@	571
0	0
0	0
0	0
0	0
0	0
0	0
0	0
0	0
0	2	@	730	731
0	0
0	1	@	654
0	2	@	730	731
0	0
0	0
0	0
0	0
0	0
0	1	@	704
0	2	@	706	1065
0	0
0	2	@	712	1065
0	0
0	1	@	725
0	2	@	727	1136
0	0
0	1	@	898
0	0
0	0
0	2	@	1064	1069
0	0
0	0
0	0
0	0
0	0
0	0
0	0
0	0
0	0
0	0
0	0
0	2	@	1064	1069
0	0
0	0
0	0
0	2	@	860	894
0	0
0	0
0	1	@	876
0	1	@	878
0	1	@	880
0	0
0	0
0	0
0	0
0	0
0	0
0	1	@	927
0	2	@	928	1136
0	1	@	938
0	0
0	0
0	0
0	0
0	0
0	0
0	0
0	0
0	0
0	0
0	0
0	0
0	0
0	0
0	1	@	992
0	0
0	0
0	1	@	1003
0	1	@	1006
0	0
0	1	@	1011
0	0
0	0
0	0
0	0
0	0
0	0
0	0
0	0
0	0
0	0
0	0
0	0
0	0
0	0
0	0
0	0
0	0
0	1	@	1108
0	0
0	0
0	0
0	0
0	0
0	1	@	1136
0	1	@	1177
0	1	@	1201
0	0
0	1	@	1220
0	1	@	1206
0	1	@	1206
0	0
0	0
0	0
0	1	@	1213
0	0
0	1	@	1222
0	0
0	0
0	0
0	1	@	896
0	0
0	0
0	0
0	0
0	1	@	1290
0	1	@	1291
0	0
0	0
0	0
0	2	@	1154	1294
0	0
0	0
0	0
0	0
0	1	@	1230
0	0
0	0
0	1	@	200
0	0
0	0
0	0
0	0
0	0
0	0
0	0
0	0
0	1	@	211
0	1	@	211
0	1	@	211
0	5	@	1	140	217	460	804
0	0
0	0
0	0
0	0
0	0
0	0
0	0
0	0
0	0
0	0
0	0
0	0
0	0
0	0
0	0
0	0
0	0
0	0
0	0
0	0
0	0
0	0
0	0
0	0
0	0
0	0
0	0
0	0
0	0
0	0
0	0
0	0
0	0
0	0
0	0
0	0
0	0
0	0
0	0
0	0
0	0
0	0
0	0
0	0
0	0
0	0
0	1	@	500
0	1	@	500
0	0
0	0
0	0
0	0
0	0
0	0
0	0
0	1	@	545
0	1	@	545
0	1	@	545
0	1	@	593
0	1	@	593
0	1	@	594
0	1	@	594
0	1	@	594
0	0
0	1	@	642
0	1	@	642
0	1	@	642
0	0
0	0
0	1	@	691
0	0
0	0
0	1	@	1147
0	1	@	1147
0	0
0	0
0	0
0	0
0	0
0	0
0	0
0	0
0	0
0	0
0	0
0	0
0	0
0	0
0	0
0	0
0	0
0	0
0	0
0	0
0	0
0	0
0	0
0	0
0	0
0	0
0	0
0	0
0	0
0	1	@	1042
0	0
0	0
0	1	@	1123
0	1	@	1123
0	0
0	0
0	0
0	0
0	0
0	0
0	0
0	0
0	0
0	0
0	1	@	1193
0	1	@	1193
0	1	@	1193
0	0
0	0
0	0
0	0
0	0
0	0
0	0
0	0
0	0
0	0
0	0
0	0
0	0
0	0
0	1	@	1344
0	0
0	0
0	0
0	0
0	0
0	0
0	0
0	0
0	1	@	860
0	1	@	1304
0	0
0	0
0	0
0	0
0	0
0	0
0	1	@	319
0	0
0	0
0	1	@	1277
0	0
0	1	@	602
0	0
0	0
0	0
0	1	@	1305
0	0
0	0
0	0
0	0
0	0
0	0
0	1	@	845
0	1	@	868
0	1	@	869
0	0
0	0
0	2	@	730	731
0	1	@	1117
0	3	@	730	731	1023
0	0
0	3	@	591	803	1135
0	0
0	0
0	0
0	0
0	0
0	0
0	0
0	0
0	0
0	1	@	157
0	0
0	0
0	0
0	0
0	0
0	0
0	0
0	0
0	1	@	1321
0	0
0	2	@	324	1325
0	0
0	1	@	1329
0	1	@	1331
0	1	@	1332
0	0
0	1	@	1334
0	0
0	1	@	1336
0	0
0	1	@	1340
0	0
0	1	@	1256
0	0
0	0
0	0
0	0
0	0
0	0
0	1	@	1280
0	0
0	0
0	0
0	0
0	0
0	0
0	0
0	0
0	0
0	0
0	0
0	0
0	0
0	0
0	1	@	541
0	1	@	541
0	1	@	541
0	0
0	0
0	0
0	1	@	629
0	1	@	630
0	0
0	0
0	0
0	1	@	428
0	1	@	428
0	1	@	428
0	0
0	0
0	0
0	0
0	0
0	0
0	0
0	0
0	0
0	0
0	0
0	0
0	1	@	1343
0	0
0	0
0	0
0	0
0	0
0	0
0	0
0	0
0	0
0	0
0	0
0	0
0	0
0	0
0	0
0	0
0	0
0	0
0	0
0	0
0	0
0	0
0	3	@	730	731	1023
0	2	@	730	731
0	0
0	0
0	0
0	1	@	294
0	1	@	294
0	0
0	1	@	1065
0	2	@	317	1136
0	0
0	0
0	0
0	0
0	0
0	0
0	0
0	0
0	0
0	0
0	0
0	0
0	0
0	0
0	0
0	0
0	1	@	432
0	0
0	0
0	0
0	0
0	0
0	0
0	0
0	0
0	0
0	0
0	1	@	1136
0	1	@	480
0	1	@	487
0	0
0	0
0	0
0	0
0	0
0	0
0	0
0	2	@	540	1136
0	0
0	1	@	485
0	0
0	0
0	0
0	0
0	0
0	0
0	1	@	580
0	2	@	1059	1060
0	0
0	1	@	460
0	0
0	0
0	1	@	460
0	0
0	0
0	0
0	1	@	697
0	1	@	699
0	0
0	0
0	0
0	1	@	744
0	1	@	896
0	0
0	0
0	0
0	1	@	793
0	1	@	793
0	0
0	0
0	0
0	0
0	0
0	0
0	0
0	0
0	0
0	0
0	0
0	0
0	0
0	0
0	0
0	0
0	1	@	1065
0	0
0	0
0	0
0	0
0	0
0	0
0	0
0	0
0	1	@	993
0	0
0	0
0	0
0	0
0	0
0	0
0	0
0	0
0	0
0	0
0	0
0	0
0	0
0	0
0	0
0	0
0	0
0	0
0	0
0	0
0	0
0	1	@	1029
0	0
0	0
0	0
0	0
0	0
0	0
0	0
0	0
0	0
0	0
0	0
0	0
0	1	@	1103
0	0
0	0
0	0
0	0
0	0
0	1	@	1176
0	1	@	1147
0	0
0	0
0	0
0	1	@	1217
0	2	@	1065	1223
0	0
0	0
0	0
0	0
0	0
0	0
0	0
0	0
0	0
0	0
0	0
0	0
0	0
0	0
0	1	@	513
0	1	@	1233
0	0
0	1	@	200
0	0
0	0
0	0
0	0
0	1	@	206
0	1	@	206
0	1	@	206
0	1	@	208
0	1	@	208
0	1	@	208
0	1	@	224
0	1	@	224
0	0
0	0
0	0
0	0
0	0
0	0
0	0
0	0
0	0
0	0
0	0
0	0
0	0
0	0
0	0
0	0
0	0
0	0
0	0
0	0
0	0
0	0
0	0
0	0
0	0
0	0
0	0
0	0
0	0
0	0
0	0
0	1	@	389
0	1	@	389
0	1	@	389
0	0
0	0
0	0
0	1	@	395
0	1	@	395
0	1	@	395
0	0
0	0
0	0
0	0
0	0
0	0
0	0
0	0
0	0
0	0
0	0
0	0
0	0
0	0
0	0
0	0
0	0
0	0
0	0
0	0
0	0
0	0
0	0
0	0
0	0
0	0
0	0
0	0
0	1	@	775
0	0
0	0
0	0
0	0
0	0
0	0
0	0
0	0
0	0
0	0
0	0
0	0
0	0
0	1	@	971
0	1	@	954
0	1	@	954
0	0
0	0
0	0
0	0
0	0
0	0
0	0
0	0
0	0
0	0
0	1	@	1050
0	0
0	0
0	0
0	0
0	0
0	0
0	0
0	1	@	1153
0	1	@	1153
0	0
0	0
0	0
0	0
0	0
0	0
0	0
0	0
0	0
0	0
0	0
0	0
0	0
0	0
0	0
0	0
0	0
0	0
0	0
0	0
0	0
0	0
0	0
0	0
0	0
0	0
0	0
0	0
0	0
0	1	@	1349
0	1	@	1349
0	0
0	1	@	1367
0	0
0	0
0	2	@	284	1065
0	1	@	883
0	0
0	1	@	249
0	0
0	1	@	289
0	0
0	0
0	0
0	0
0	3	@	613	709	1136
0	0
0	0
0	0
0	1	@	726
0	1	@	750
0	0
0	0
0	0
0	0
0	0
0	3	@	730	731	1010
0	0
0	4	@	1	140	460	804
0	0
0	0
0	0
0	0
0	0
0	0
0	0
0	0
0	0
0	0
0	1	@	157
0	0
0	0
0	0
0	0
0	0
0	0
0	0
0	0
0	0
0	0
0	1	@	1333
0	0
0	1	@	1339
0	0
0	1	@	1256
0	1	@	1258
0	0
0	0
0	0
0	1	@	1266
0	0
0	0
0	0
0	0
0	0
0	0
0	0
0	0
0	0
0	0
0	0
0	0
0	0
0	0
0	1	@	1156
0	0
0	1	@	351
0	1	@	608
0	0
0	0
0	1	@	656
0	0
0	0
0	0
0	0
0	0
0	0
0	0
0	0
0	0
0	1	@	1067
0	0
0	0
0	0
0	0
0	0
0	0
0	0
0	0
0	0
0	0
0	0
0	0
0	0
0	0
0	0
0	2	@	730	731
0	2	@	730	731
0	0
0	0
0	0
0	0
0	0
0	0
0	0
0	0
0	0
0	0
0	1	@	260
0	5	@	1	140	271	460	804
0	1	@	271
0	2	@	271	460
0	1	@	274
0	0
0	0
0	0
0	0
0	0
0	0
0	0
0	1	@	338
0	0
0	0
0	0
0	0
0	0
0	0
0	0
0	1	@	415
0	1	@	415
0	0
0	0
0	0
0	0
0	0
0	0
0	0
0	0
0	0
0	1	@	451
0	0
0	0
0	0
0	0
0	0
0	1	@	1065
0	0
0	0
0	0
0	1	@	524
0	0
0	1	@	993
0	0
0	0
0	0
0	0
0	0
0	0
0	0
0	0
0	0
0	1	@	1065
0	0
0	0
0	0
0	0
0	0
0	0
0	0
0	0
0	0
0	0
0	0
0	0
0	0
0	0
0	0
0	0
0	0
0	1	@	790
0	0
0	0
0	0
0	1	@	831
0	1	@	833
0	1	@	838
0	1	@	1136
0	0
0	0
0	0
0	1	@	846
0	0
0	0
0	0
0	0
0	0
0	1	@	877
0	0
0	1	@	1117
0	0
0	1	@	920
0	0
0	2	@	926	1136
0	0
0	0
0	0
0	0
0	0
0	0
0	0
0	0
0	0
0	0
0	0
0	0
0	0
0	0
0	0
0	0
0	0
0	0
0	0
0	1	@	996
0	1	@	1001
0	0
0	0
0	0
0	0
0	0
0	0
0	1	@	1035
0	0
0	1	@	1043
0	0
0	1	@	1078
0	1	@	1079
0	2	@	1087	1136
0	0
0	0
0	0
0	0
0	2	@	1130	1136
0	0
0	1	@	898
0	1	@	1145
0	0
0	0
0	0
0	0
0	0
0	0
0	0
0	0
0	1	@	1289
0	1	@	156
0	1	@	156
0	0
0	1	@	1293
0	0
0	0
0	0
0	1	@	450
0	1	@	450
0	1	@	1296
0	2	@	200	201
0	0
0	0
0	0
0	0
0	0
0	0
0	0
0	0
0	0
0	0
0	0
0	0
0	0
0	0
0	0
0	0
0	0
0	0
0	0
0	0
0	1	@	624
0	1	@	624
0	0
0	0
0	0
0	0
0	0
0	0
0	0
0	0
0	0
0	0
0	0
0	0
0	0
0	0
0	0
0	0
0	0
0	0
0	0
0	0
0	0
0	0
0	0
0	0
0	0
0	0
0	2	@	510	624
0	0
0	0
0	1	@	485
0	1	@	597
0	1	@	1277
0	0
0	0
0	0
0	0
0	0
0	0
0	0
0	0
0	0
0	0
0	0
0	1	@	391
0	0
0	0
0	0
0	0
0	0
0	0
0	0
0	0
0	0
0	0
0	0
0	0
0	0
0	0
0	0
0	0
0	0
0	0
0	0
0	0
0	0
0	0
0	0
0	0
0	0
0	0
0	0
0	0
0	0
0	0
0	0
0	0
0	0
0	0
0	0
0	0
0	0
0	0
0	0
0	0
0	0
0	0
0	0
0	0
0	0
0	0
0	0
0	0
0	0
0	0
0	0
0	0
0	0
0	1	@	1300
0	0
0	0
0	0
0	0
0	1	@	457
0	0
0	0
0	0
0	0
0	0
0	0
0	0
0	0
0	0
0	0
0	1	@	937
0	0
0	0
0	0
0	1	@	1138
0	0
0	0
0	1	@	1307
0	1	@	1316
0	1	@	1317
0	0
0	0
0	1	@	1320
0	1	@	1324
0	3	@	324	1326	1327
0	1	@	1335
0	1	@	1342
0	1	@	1256
0	0
0	0
0	0
0	0
0	0
0	1	@	1147
0	0
0	0
0	0
0	0
0	0
0	0
0	0
0	0
0	1	@	1154
0	1	@	282
0	1	@	609
0	0
0	0
0	0
0	0
0	0
0	0
0	0
0	0
0	0
0	0
0	0
0	0
0	0
0	0
0	0
0	0
0	0
0	0
0	0
0	0
0	0
0	0
0	0
0	0
0	0
0	1	@	1117
0	2	@	140	460
0	0
0	1	@	460
0	0
0	0
0	0
0	0
0	0
0	0
0	0
0	0
0	0
0	0
0	0
0	0
0	0
0	0
0	0
0	0
0	0
0	0
0	0
0	0
0	0
0	0
0	0
0	0
0	0
0	0
0	0
0	0
0	0
0	1	@	418
0	1	@	418
0	0
0	0
0	0
0	0
0	1	@	442
0	1	@	1156
0	0
0	1	@	461
0	0
0	0
0	0
0	0
0	0
0	0
0	0
0	1	@	517
0	0
0	1	@	1065
0	0
0	0
0	0
0	2	@	566	1239
0	0
0	0
0	0
0	0
0	0
0	0
0	1	@	584
0	0
0	4	@	628	730	731	1023
0	3	@	628	730	731
0	1	@	652
0	4	@	676	730	731	1023
0	3	@	676	730	731
0	0
0	0
0	0
0	0
0	1	@	708
0	0
0	0
0	0
0	0
0	0
0	0
0	2	@	730	731
0	1	@	841
0	0
0	1	@	844
0	0
0	0
0	0
0	1	@	870
0	0
0	0
0	0
0	0
0	1	@	993
0	0
0	0
0	0
0	0
0	0
0	0
0	0
0	1	@	695
0	0
0	0
0	0
0	1	@	987
0	1	@	987
0	0
0	0
0	0
0	0
0	0
0	0
0	0
0	0
0	0
0	0
0	1	@	1041
0	0
0	1	@	1065
0	0
0	0
0	0
0	2	@	1124	1136
0	0
0	1	@	896
0	0
0	0
0	0
0	0
0	1	@	1224
0	0
0	0
0	0
0	1	@	1292
0	0
0	1	@	1295
0	0
0	0
0	0
0	0
0	0
0	0
0	0
0	0
0	0
0	0
0	0
0	0
0	0
0	0
0	0
0	0
0	0
0	0
0	0
0	0
0	0
0	0
0	2	@	370	625
0	2	@	371	625
0	0
0	0
0	0
0	0
0	0
0	0
0	0
0	0
0	0
0	0
0	0
0	0
0	0
0	0
0	0
0	0
0	0
0	0
0	0
0	0
0	1	@	388
0	1	@	388
0	0
0	0
0	0
0	0
0	1	@	1147
0	0
0	0
0	0
0	0
0	0
0	0
0	0
0	1	@	1147
0	0
0	0
0	0
0	0
0	0
0	0
0	0
0	0
0	0
0	1	@	1147
0	1	@	773
0	0
0	0
0	0
0	0
0	0
0	0
0	0
0	0
0	0
0	0
0	0
0	0
0	0
0	0
0	0
0	0
0	0
0	0
0	0
0	0
0	0
0	0
0	0
0	0
0	0
0	1	@	1005
0	0
0	0
0	0
0	0
0	0
0	0
0	0
0	0
0	0
0	0
0	0
0	0
0	0
0	0
0	0
0	0
0	0
0	0
0	0
0	0
0	0
0	0
0	0
0	0
0	0
0	0
0	0
0	0
0	0
0	0
0	0
0	0
0	0
0	0
0	0
0	1	@	1345
0	1	@	1345
0	0
0	0
0	0
0	0
0	0
0	0
0	0
0	0
0	0
0	0
0	0
0	0
0	0
0	0
0	0
0	3	@	730	731	1023
0	0
0	1	@	1139
0	0
0	0
0	0
0	1	@	1256
0	0
0	0
0	0
0	0
0	0
0	0
0	0
0	0
0	1	@	382
0	1	@	382
0	0
0	0
0	0
0	0
0	1	@	684
0	0
0	1	@	611
0	0
0	0
0	0
0	0
0	0
0	0
0	0
0	0
0	0
0	0
0	0
0	0
0	0
0	0
0	0
0	0
0	0
0	0
0	0
0	0
0	0
0	1	@	228
0	0
0	0
0	0
0	0
0	0
0	0
0	0
0	0
0	0
0	0
0	0
0	0
0	0
0	0
0	0
0	0
0	0
0	0
0	0
0	0
0	1	@	1065
0	0
0	0
0	1	@	326
0	0
0	0
0	1	@	342
0	1	@	341
0	0
0	0
0	0
0	0
0	0
0	0
0	0
0	0
0	0
0	0
0	0
0	0
0	0
0	0
0	0
0	0
0	0
0	0
0	0
0	0
0	0
0	2	@	444	1154
0	1	@	452
0	0
0	1	@	463
0	0
0	0
0	0
0	0
0	0
0	0
0	0
0	0
0	0
0	0
0	0
0	1	@	1009
0	1	@	1009
0	0
0	1	@	575
0	0
0	0
0	1	@	1117
0	1	@	586
0	0
0	0
0	0
0	1	@	700
0	1	@	700
0	0
0	0
0	0
0	0
0	0
0	0
0	1	@	460
0	0
0	0
0	1	@	848
0	1	@	849
0	1	@	850
0	0
0	0
0	0
0	0
0	0
0	0
0	0
0	0
0	0
0	0
0	0
0	0
0	0
0	0
0	0
0	0
0	0
0	0
0	0
0	0
0	0
0	0
0	0
0	0
0	1	@	1027
0	0
0	1	@	1065
0	0
0	0
0	0
0	1	@	1092
0	0
0	0
0	0
0	0
0	0
0	1	@	1215
0	0
0	0
0	0
0	0
0	1	@	1117
0	0
0	0
0	0
0	0
0	0
0	0
0	0
0	0
0	0
0	0
0	0
0	0
0	0
0	0
0	0
0	0
0	0
0	0
0	0
0	0
0	0
0	0
0	0
0	0
0	0
0	0
0	0
0	0
0	0
0	0
0	0
0	0
0	0
0	0
0	0
0	0
0	0
0	0
0	0
0	0
0	0
0	0
0	0
0	0
0	0
0	0
0	0
0	0
0	0
0	0
0	0
0	0
0	0
0	0
0	0
0	0
0	0
0	2	@	638	1277
0	0
0	0
0	1	@	692
0	1	@	692
0	1	@	693
0	2	@	428	693
0	0
0	0
0	0
0	1	@	777
0	0
0	0
0	0
0	0
0	0
0	0
0	0
0	0
0	0
0	0
0	0
0	0
0	1	@	968
0	1	@	968
0	0
0	0
0	0
0	0
0	0
0	0
0	0
0	0
0	1	@	1121
0	0
0	0
0	0
0	0
0	0
0	0
0	0
0	0
0	0
0	0
0	0
0	0
0	0
0	0
0	0
0	0
0	0
0	0
0	0
0	0
0	0
0	0
0	0
0	0
0	0
0	0
0	0
0	0
0	0
0	0
0	0
0	0
0	1	@	561
0	0
0	0
0	0
0	0
0	0
0	0
0	0
0	0
0	5	@	1	140	460	804	1094
0	0
0	0
0	2	@	1059	1060
0	0
0	1	@	1256
0	0
0	0
0	0
0	0
0	1	@	1281
0	0
0	0
0	0
0	1	@	159
0	1	@	383
0	1	@	383
0	1	@	383
0	1	@	383
0	2	@	774	1147
0	0
0	0
0	0
0	0
0	0
0	0
0	0
0	0
0	0
0	1	@	1117
0	0
0	0
0	0
0	0
0	0
0	0
0	0
0	0
0	0
0	0
0	0
0	0
0	0
0	0
0	1	@	1182
0	1	@	1183
0	0
0	0
0	0
0	0
0	0
0	0
0	3	@	730	731	1023
0	2	@	730	731
0	0
0	0
0	0
0	0
0	0
0	0
0	1	@	244
0	0
0	0
0	0
0	0
0	1	@	1156
0	0
0	0
0	0
0	0
0	0
0	1	@	1065
0	0
0	0
0	1	@	404
0	0
0	1	@	407
0	1	@	407
0	0
0	0
0	0
0	0
0	0
0	0
0	0
0	0
0	0
0	0
0	1	@	1117
0	0
0	0
0	0
0	0
0	0
0	0
0	1	@	490
0	0
0	0
0	0
0	0
0	0
0	1	@	564
0	0
0	0
0	0
0	0
0	1	@	1065
0	0
0	0
0	0
0	1	@	679
0	1	@	696
0	0
0	0
0	0
0	0
0	2	@	719	1107
0	0
0	0
0	0
0	0
0	0
0	0
0	0
0	0
0	0
0	0
0	0
0	0
0	0
0	0
0	0
0	0
0	0
0	0
0	0
0	0
0	0
0	0
0	0
0	0
0	1	@	986
0	0
0	0
0	0
0	0
0	0
0	0
0	1	@	1028
0	0
0	0
0	0
0	2	@	1088	1136
0	1	@	1093
0	0
0	0
0	0
0	0
0	0
0	0
0	0
0	0
0	0
0	0
0	0
0	2	@	203	1065
0	0
0	0
0	0
0	0
0	0
0	0
0	0
0	1	@	200
0	0
0	0
0	0
0	0
0	0
0	0
0	0
0	0
0	0
0	0
0	0
0	0
0	1	@	624
0	1	@	624
0	1	@	624
0	0
0	0
0	0
0	0
0	1	@	624
0	0
0	0
0	1	@	898
0	1	@	898
0	1	@	898
0	1	@	1156
0	1	@	1156
0	1	@	1156
0	1	@	1156
0	1	@	898
0	1	@	1156
0	0
0	0
0	0
0	0
0	0
0	0
0	0
0	0
0	0
0	0
0	0
0	0
0	0
0	0
0	0
0	0
0	0
0	0
0	0
0	0
0	0
0	0
0	0
0	0
0	0
0	0
0	0
0	0
0	0
0	0
0	0
0	0
0	0
0	0
0	0
0	0
0	0
0	0
0	0
0	0
0	0
0	0
0	0
0	0
0	0
0	0
0	1	@	1151
0	1	@	1151
0	0
0	0
0	0
0	0
0	0
0	0
0	0
0	0
0	0
0	0
0	0
0	0
0	0
0	0
0	0
0	0
0	0
0	0
0	0
0	0
0	0
0	0
0	0
0	0
0	0
0	0
0	0
0	0
0	0
0	0
0	2	@	550	1277
0	0
0	0
0	0
0	0
0	1	@	801
0	2	@	624	815
0	0
0	1	@	1018
0	0
0	0
0	1	@	1318
0	0
0	2	@	1256	1257
0	0
0	1	@	1256
0	0
0	0
0	0
0	0
0	0
0	0
0	0
0	0
0	0
0	0
0	0
0	0
0	0
0	0
0	0
0	1	@	1085
0	1	@	1165
0	1	@	1165
0	0
0	0
0	0
0	0
0	0
0	1	@	911
0	1	@	912
0	0
0	0
0	0
0	0
0	0
0	1	@	1186
0	0
0	0
0	0
0	1	@	1190
0	0
0	5	@	1	140	198	460	804
0	1	@	198
0	2	@	198	460
0	1	@	238
0	0
0	0
0	0
0	0
0	0
0	0
0	0
0	0
0	0
0	1	@	1154
0	0
0	0
0	0
0	0
0	0
0	0
0	0
0	0
0	0
0	0
0	0
0	0
0	0
0	0
0	0
0	0
0	0
0	0
0	0
0	0
0	0
0	0
0	0
0	0
0	1	@	430
0	1	@	431
0	0
0	0
0	0
0	0
0	0
0	0
0	0
0	0
0	0
0	0
0	0
0	0
0	0
0	0
0	1	@	577
0	1	@	581
0	1	@	698
0	0
0	0
0	1	@	749
0	0
0	1	@	776
0	0
0	0
0	4	@	730	731	814	1023
0	3	@	730	731	814
0	0
0	0
0	1	@	879
0	0
0	0
0	0
0	0
0	0
0	1	@	976
0	0
0	1	@	977
0	1	@	978
0	1	@	979
0	0
0	0
0	0
0	0
0	0
0	0
0	1	@	990
0	1	@	1014
0	0
0	0
0	0
0	0
0	0
0	0
0	0
0	1	@	1200
0	0
0	0
0	1	@	1236
0	1	@	1248
0	0
0	1	@	830
0	0
0	0
0	1	@	226
0	1	@	226
0	1	@	226
0	0
0	0
0	0
0	0
0	1	@	200
0	0
0	0
0	0
0	0
0	0
0	0
0	0
0	0
0	0
0	0
0	1	@	200
0	0
0	0
0	2	@	372	625
0	2	@	373	625
0	2	@	374	625
0	0
0	0
0	2	@	376	625
0	0
0	0
0	1	@	896
0	1	@	896
0	1	@	896
0	1	@	896
0	1	@	896
0	1	@	1154
0	1	@	1154
0	1	@	1154
0	1	@	1154
0	1	@	1154
0	1	@	896
0	1	@	1154
0	0
0	0
0	0
0	1	@	466
0	0
0	0
0	0
0	0
0	0
0	0
0	0
0	0
0	0
0	1	@	1156
0	0
0	0
0	0
0	0
0	0
0	0
0	0
0	0
0	0
0	0
0	0
0	0
0	0
0	0
0	0
0	0
0	0
0	0
0	0
0	0
0	1	@	1071
0	1	@	1071
0	0
0	0
0	0
0	0
0	0
0	0
0	0
0	0
0	0
0	0
0	1	@	1179
0	0
0	0
0	0
0	0
0	0
0	0
0	0
0	0
0	0
0	0
0	0
0	1	@	1363
0	0
0	0
0	0
0	0
0	0
0	0
0	0
0	1	@	639
0	0
0	0
0	1	@	392
0	0
0	0
0	0
0	0
0	0
0	0
0	0
0	0
0	0
0	0
0	0
0	0
0	1	@	1065
0	0
0	1	@	993
0	0
0	0
0	0
0	0
0	0
0	0
0	0
0	0
0	0
0	0
0	0
0	1	@	1187
0	1	@	1189
0	0
0	1	@	1191
0	0
0	0
0	0
0	0
0	1	@	253
0	0
0	0
0	0
0	0
0	1	@	898
0	0
0	0
0	0
0	0
0	0
0	0
0	0
0	0
0	0
0	0
0	0
0	0
0	0
0	0
0	0
0	0
0	0
0	0
0	0
0	0
0	0
0	0
0	0
0	1	@	491
0	0
0	0
0	1	@	538
0	0
0	0
0	0
0	0
0	0
0	0
0	0
0	0
0	0
0	0
0	0
0	0
0	0
0	0
0	0
0	2	@	923	995
0	0
0	0
0	1	@	980
0	0
0	0
0	1	@	984
0	0
0	0
0	0
0	0
0	0
0	0
0	0
0	0
0	1	@	1142
0	0
0	0
0	0
0	0
0	0
0	0
0	0
0	0
0	0
0	0
0	0
0	0
0	0
0	0
0	0
0	1	@	200
0	0
0	0
0	0
0	0
0	0
0	0
0	0
0	0
0	0
0	0
0	1	@	200
0	1	@	200
0	0
0	0
0	0
0	0
0	0
0	0
0	0
0	0
0	0
0	0
0	0
0	0
0	0
0	0
0	0
0	0
0	0
0	0
0	1	@	479
0	0
0	0
0	0
0	0
0	0
0	0
0	1	@	1154
0	0
0	0
0	0
0	0
0	0
0	1	@	828
0	1	@	828
0	0
0	0
0	0
0	0
0	0
0	0
0	0
0	1	@	959
0	0
0	0
0	0
0	0
0	0
0	0
0	0
0	0
0	0
0	0
0	0
0	0
0	0
0	0
0	0
0	0
0	0
0	0
0	0
0	0
0	0
0	0
0	0
0	0
0	0
0	0
0	0
0	0
0	0
0	0
0	0
0	0
0	0
0	0
0	0
0	0
0	0
0	0
0	0
0	0
0	0
0	0
0	0
0	0
0	0
0	0
0	0
0	0
0	0
0	0
0	0
0	0
0	0
0	0
0	0
0	0
0	0
0	0
0	0
0	0
0	0
0	0
0	0
0	1	@	913
0	1	@	914
0	0
0	1	@	228
0	1	@	1188
0	0
0	0
0	0
0	1	@	242
0	2	@	1057	1061
0	0
0	0
0	1	@	896
0	0
0	1	@	304
0	0
0	0
0	0
0	0
0	0
0	0
0	0
0	0
0	0
0	0
0	0
0	0
0	0
0	0
0	0
0	0
0	0
0	0
0	0
0	0
0	0
0	0
0	0
0	0
0	0
0	0
0	0
0	0
0	0
0	0
0	0
0	2	@	1057	1061
0	0
0	0
0	0
0	0
0	0
0	1	@	872
0	0
0	0
0	0
0	0
0	0
0	0
0	0
0	0
0	0
0	0
0	0
0	0
0	0
0	0
0	1	@	1143
0	0
0	0
0	0
0	0
0	0
0	0
0	0
0	0
0	0
0	0
0	0
0	0
0	0
0	0
0	0
0	1	@	200
0	0
0	0
0	0
0	0
0	0
0	0
0	0
0	0
0	0
0	0
0	1	@	200
0	1	@	200
0	1	@	200
0	0
0	0
0	0
0	0
0	0
0	0
0	0
0	0
0	0
0	0
0	0
0	0
0	0
0	0
0	0
0	0
0	0
0	0
0	0
0	0
0	0
0	0
0	0
0	0
0	0
0	0
0	0
0	0
0	0
0	0
0	0
0	0
0	0
0	0
0	0
0	0
0	0
0	0
0	0
0	0
0	0
0	0
0	1	@	1074
0	0
0	0
0	0
0	0
0	0
0	0
0	0
0	0
0	0
0	1	@	1354
0	1	@	1354
0	0
0	0
0	0
0	0
0	0
0	0
0	1	@	1362
0	0
0	0
0	0
0	0
0	0
0	0
0	0
0	0
0	1	@	768
0	0
0	0
0	0
0	0
0	0
0	0
0	0
0	0
0	0
0	0
0	0
0	0
0	1	@	922
0	0
0	0
0	0
0	0
0	0
0	0
0	0
0	0
0	0
0	0
0	0
0	0
0	0
0	0
0	0
0	0
0	0
0	0
0	0
0	0
0	2	@	730	731
0	1	@	1065
0	1	@	327
0	0
0	0
0	0
0	0
0	0
0	0
0	0
0	0
0	0
0	0
0	0
0	0
0	0
0	0
0	0
0	0
0	0
0	0
0	1	@	462
0	0
0	1	@	472
0	0
0	0
0	1	@	554
0	1	@	570
0	0
0	0
0	2	@	574	1065
0	0
0	0
0	0
0	0
0	0
0	1	@	809
0	0
0	0
0	0
0	1	@	973
0	0
0	0
0	0
0	0
0	0
0	0
0	0
0	0
0	0
0	0
0	0
0	0
0	0
0	0
0	0
0	0
0	0
0	0
0	0
0	0
0	0
0	0
0	1	@	298
0	1	@	298
0	1	@	298
0	1	@	298
0	0
0	1	@	200
0	0
0	0
0	0
0	0
0	0
0	0
0	0
0	0
0	0
0	0
0	1	@	200
0	1	@	200
0	1	@	200
0	1	@	200
0	0
0	0
0	0
0	0
0	0
0	0
0	0
0	0
0	0
0	0
0	0
0	0
0	0
0	0
0	0
0	0
0	0
0	0
0	0
0	0
0	0
0	0
0	0
0	0
0	0
0	0
0	0
0	0
0	0
0	0
0	0
0	0
0	0
0	0
0	0
0	1	@	902
0	1	@	902
0	0
0	0
0	0
0	0
0	0
0	0
0	0
0	0
0	0
0	0
0	0
0	0
0	0
0	0
0	2	@	1133	1277
0	0
0	0
0	0
0	0
0	0
0	0
0	0
0	0
0	0
0	0
0	0
0	0
0	0
0	0
0	0
0	0
0	0
0	0
0	0
0	0
0	0
0	1	@	595
0	0
0	0
0	0
0	0
0	1	@	1319
0	0
0	0
0	0
0	0
0	0
0	0
0	0
0	0
0	0
0	1	@	942
0	0
0	0
0	0
0	0
0	0
0	0
0	0
0	0
0	0
0	0
0	0
0	0
0	0
0	1	@	250
0	0
0	0
0	0
0	0
0	0
0	2	@	460	587
0	0
0	0
0	0
0	0
0	0
0	0
0	0
0	0
0	0
0	0
0	0
0	0
0	0
0	0
0	0
0	0
0	0
0	1	@	1067
0	0
0	0
0	0
0	0
0	0
0	0
0	0
0	0
0	0
0	0
0	0
0	0
0	0
0	0
0	0
0	0
0	0
0	0
0	0
0	0
0	0
0	0
0	0
0	0
0	0
0	0
0	2	@	1201	1202
0	0
0	0
0	0
0	0
0	0
0	0
0	0
0	0
0	0
0	0
0	1	@	200
0	0
0	0
0	0
0	0
0	0
0	0
0	0
0	0
0	0
0	0
0	1	@	200
0	1	@	200
0	1	@	200
0	1	@	200
0	1	@	200
0	0
0	0
0	0
0	0
0	0
0	0
0	0
0	0
0	0
0	0
0	0
0	0
0	0
0	0
0	0
0	0
0	0
0	0
0	0
0	1	@	478
0	0
0	1	@	549
0	0
0	0
0	0
0	0
0	0
0	0
0	0
0	0
0	0
0	0
0	0
0	1	@	1147
0	1	@	903
0	1	@	903
0	2	@	1059	1060
0	0
0	0
0	1	@	1075
0	0
0	0
0	0
0	0
0	1	@	1242
0	0
0	0
0	0
0	1	@	1357
0	0
0	0
0	0
0	0
0	0
0	0
0	0
0	0
0	0
0	0
0	0
0	0
0	0
0	0
0	0
0	0
0	1	@	1122
0	0
0	0
0	0
0	2	@	1057	1061
0	0
0	0
0	0
0	0
0	0
0	0
0	0
0	0
0	0
0	0
0	0
0	0
0	0
0	0
0	1	@	239
0	0
0	0
0	0
0	0
0	0
0	0
0	0
0	2	@	730	731
0	0
0	0
0	0
0	0
0	0
0	0
0	0
0	0
0	0
0	0
0	0
0	0
0	0
0	0
0	0
0	0
0	0
0	0
0	0
0	0
0	0
0	1	@	530
0	0
0	0
0	0
0	0
0	0
0	1	@	770
0	0
0	0
0	0
0	0
0	0
0	0
0	0
0	0
0	0
0	1	@	989
0	0
0	0
0	0
0	0
0	0
0	0
0	0
0	0
0	0
0	0
0	0
0	0
0	0
0	0
0	2	@	200	201
0	0
0	0
0	0
0	0
0	0
0	0
0	0
0	0
0	0
0	0
0	1	@	200
0	1	@	200
0	1	@	200
0	1	@	200
0	1	@	200
0	1	@	200
0	0
0	0
0	1	@	624
0	0
0	0
0	1	@	624
0	1	@	624
0	0
0	0
0	1	@	467
0	0
0	0
0	0
0	0
0	0
0	0
0	1	@	784
0	1	@	784
0	0
0	0
0	0
0	0
0	0
0	0
0	0
0	0
0	0
0	0
0	0
0	0
0	0
0	0
0	0
0	0
0	0
0	0
0	0
0	0
0	0
0	0
0	0
0	0
0	0
0	0
0	0
0	0
0	0
0	1	@	717
0	0
0	0
0	0
0	0
0	1	@	1277
0	0
0	1	@	1149
0	0
0	0
0	0
0	0
0	0
0	2	@	1057	1061
0	0
0	0
0	2	@	1065	1194
0	1	@	909
0	1	@	910
0	0
0	0
0	0
0	0
0	1	@	255
0	0
0	0
0	1	@	286
0	4	@	301	730	731	1023
0	3	@	301	730	731
0	1	@	460
0	0
0	1	@	898
0	0
0	0
0	0
0	0
0	0
0	0
0	0
0	0
0	0
0	0
0	0
0	0
0	0
0	0
0	0
0	0
0	0
0	0
0	0
0	2	@	730	731
0	0
0	0
0	0
0	0
0	0
0	0
0	0
0	0
0	0
0	0
0	0
0	0
0	0
0	1	@	1065
0	1	@	985
0	1	@	988
0	0
0	0
0	1	@	1034
0	0
0	0
0	0
0	0
0	0
0	0
0	0
0	0
0	0
0	0
0	0
0	2	@	200	201
0	0
0	0
0	0
0	0
0	0
0	0
0	0
0	0
0	0
0	0
0	1	@	200
0	1	@	200
0	1	@	200
0	1	@	200
0	1	@	200
0	1	@	200
0	0
0	0
0	0
0	0
0	2	@	375	625
0	1	@	624
0	2	@	367	625
0	2	@	368	625
0	0
0	0
0	0
0	0
0	0
0	0
0	0
0	1	@	747
0	0
0	0
0	0
0	0
0	0
0	0
0	1	@	1072
0	1	@	1117
0	1	@	1117
0	1	@	1117
0	0
0	0
0	0
0	0
0	0
0	0
0	0
0	0
0	0
0	0
0	1	@	917
0	0
0	0
0	0
0	0
0	0
0	0
0	0
0	0
0	0
0	0
0	0
0	0
0	0
0	0
0	0
0	0
0	0
0	1	@	915
0	1	@	916
0	0
0	2	@	251	1136
0	0
0	0
0	0
0	0
0	1	@	896
0	4	@	60	133	343	952
0	0
0	1	@	406
0	0
0	0
0	0
0	0
0	0
0	0
0	0
0	0
0	0
0	0
0	0
0	0
0	0
0	0
0	0
0	1	@	460
0	0
0	0
0	0
0	0
0	0
0	1	@	576
0	0
0	0
0	0
0	0
0	1	@	886
0	0
0	0
0	0
0	0
0	0
0	0
0	0
0	0
0	0
0	0
0	0
0	0
0	0
0	0
0	0
0	0
0	0
0	2	@	200	201
0	0
0	0
0	0
0	0
0	0
0	0
0	0
0	0
0	0
0	0
0	1	@	200
0	1	@	200
0	1	@	200
0	1	@	200
0	1	@	200
0	1	@	200
0	0
0	0
0	0
0	2	@	366	625
0	0
0	0
0	0
0	0
0	0
0	0
0	0
0	1	@	1117
0	1	@	1117
0	1	@	1117
0	0
0	2	@	1059	1060
0	0
0	0
0	1	@	243
0	0
0	0
0	0
0	0
0	0
0	0
0	0
0	0
0	0
0	0
0	0
0	0
0	0
0	0
0	0
0	0
0	0
0	0
0	0
0	0
0	0
0	0
0	0
0	0
0	0
0	0
0	1	@	1267
0	0
0	1	@	1156
0	0
0	1	@	1007
0	0
0	0
0	0
0	0
0	1	@	1082
0	0
0	0
0	0
0	4	@	305	730	731	1023
0	3	@	305	730	731
0	0
0	0
0	0
0	0
0	0
0	0
0	0
0	0
0	0
0	0
0	0
0	1	@	417
0	0
0	0
0	0
0	0
0	0
0	0
0	0
0	0
0	0
0	0
0	0
0	0
0	0
0	0
0	0
0	1	@	889
0	1	@	974
0	0
0	0
0	0
0	0
0	0
0	0
0	0
0	1	@	1216
0	0
0	0
0	0
0	0
0	0
0	0
0	3	@	200	201	363
0	1	@	363
0	1	@	363
0	1	@	363
0	1	@	363
0	1	@	363
0	1	@	363
0	1	@	363
0	1	@	363
0	1	@	363
0	1	@	363
0	2	@	200	363
0	2	@	200	363
0	2	@	200	363
0	2	@	200	363
0	2	@	200	363
0	2	@	200	363
0	1	@	624
0	0
0	0
0	0
0	0
0	0
0	1	@	1298
0	0
0	1	@	243
0	0
0	0
0	0
0	0
0	0
0	0
0	0
0	0
0	0
0	0
0	0
0	0
0	0
0	0
0	0
0	0
0	0
0	0
0	0
0	0
0	0
0	0
0	0
0	0
0	1	@	1260
0	0
0	0
0	1	@	1154
0	0
0	0
0	0
0	0
0	0
0	0
0	1	@	1184
0	0
0	1	@	285
0	0
0	2	@	402	462
0	0
0	0
0	0
0	0
0	0
0	0
0	0
0	1	@	419
0	0
0	0
0	0
0	1	@	1117
0	4	@	438	730	731	1023
0	3	@	438	730	731
0	0
0	0
0	0
0	0
0	0
0	0
0	0
0	0
0	1	@	981
0	0
0	0
0	0
0	0
0	0
0	0
0	0
0	0
0	0
0	0
0	0
0	0
0	1	@	288
0	0
0	2	@	369	625
0	2	@	390	625
0	0
0	0
0	0
0	0
0	0
0	0
0	0
0	0
0	0
0	0
0	0
0	0
0	0
0	0
0	0
0	0
0	0
0	0
0	0
0	0
0	0
0	0
0	0
0	0
0	0
0	0
0	0
0	0
0	0
0	0
0	0
0	0
0	0
0	0
0	0
0	0
0	0
0	0
0	0
0	0
0	0
0	0
0	0
0	0
0	0
0	0
0	0
0	0
0	0
0	0
0	0
0	0
0	0
0	1	@	424
0	0
0	0
0	1	@	1156
0	1	@	572
0	0
0	0
0	0
0	0
0	0
0	0
0	0
0	0
0	0
0	0
0	0
0	0
0	0
0	0
0	0
0	0
0	0
0	0
0	1	@	1156
0	0
0	0
0	0
0	0
0	0
0	0
0	1	@	1073
0	0
0	0
0	0
0	0
0	0
0	0
0	0
0	0
0	0
0	1	@	1364
0	0
0	0
0	0
0	1	@	484
0	0
0	0
0	0
0	0
0	0
0	0
0	0
0	0
0	0
0	1	@	1030
0	0
0	0
0	1	@	337
0	0
0	0
0	0
0	0
0	0
0	0
0	0
0	1	@	420
0	1	@	1117
0	0
0	1	@	471
0	2	@	529	1154
0	0
0	0
0	1	@	702
0	0
0	1	@	842
0	0
0	0
0	0
0	0
0	0
0	0
0	0
0	0
0	0
0	0
0	0
0	0
0	0
0	1	@	1154
0	0
0	0
0	0
0	0
0	0
0	0
0	0
0	0
0	0
0	0
0	0
0	0
0	0
0	0
0	0
0	0
0	0
0	0
0	0
0	0
0	0
0	0
0	0
0	0
0	0
0	0
0	0
0	0
0	0
0	0
0	0
0	0
0	0
0	0
0	0
0	0
0	0
0	0
0	0
0	0
0	0
0	0
0	0
0	1	@	573
0	0
0	0
0	2	@	843	1065
0	0
0	0
0	0
0	0
0	0
0	0
0	0
0	0
0	1	@	230
0	0
0	0
0	0
0	0
0	0
0	1	@	1277
0	0
0	0
0	0
0	0
0	0
0	1	@	1150
0	1	@	1150
0	0
0	0
0	1	@	1356
0	0
0	0
0	0
0	0
0	0
0	1	@	258
0	0
0	0
0	0
0	1	@	1259
0	0
0	0
0	0
0	0
0	0
0	0
0	0
0	0
0	0
0	0
0	0
0	0
0	1	@	413
0	1	@	414
0	0
0	0
0	0
0	1	@	701
0	0
0	0
0	0
0	0
0	0
0	2	@	1048	1080
0	0
0	0
0	0
0	0
0	0
0	1	@	324
0	0
0	0
0	1	@	1117
0	0
0	0
0	0
0	0
0	0
0	0
0	0
0	0
0	0
0	0
0	0
0	0
0	0
0	0
0	0
0	0
0	0
0	0
0	0
0	0
0	0
0	0
0	1	@	1147
0	0
0	0
0	0
0	0
0	0
0	0
0	0
0	0
0	0
0	0
0	0
0	0
0	0
0	0
0	0
0	1	@	982
0	0
0	1	@	1015
0	0
0	0
0	0
0	0
0	0
0	0
0	2	@	1277	1297
0	0
0	0
0	0
0	0
0	1	@	822
0	1	@	822
0	1	@	1067
0	0
0	0
0	0
0	0
0	0
0	0
0	1	@	1361
0	0
0	0
0	0
0	0
0	4	@	60	133	188	952
0	0
0	0
0	0
0	0
0	0
0	0
0	0
0	0
0	0
0	0
0	0
0	0
0	0
0	0
0	1	@	425
0	1	@	808
0	0
0	0
0	0
0	0
0	0
0	0
0	0
0	0
0	0
0	0
0	0
0	0
0	0
0	0
0	0
0	0
0	0
0	0
0	0
0	0
0	0
0	0
0	0
0	0
0	0
0	0
0	1	@	454
0	0
0	0
0	1	@	1032
0	1	@	1032
0	1	@	257
0	0
0	1	@	409
0	0
0	0
0	0
0	0
0	0
0	0
0	0
0	0
0	0
0	0
0	0
0	1	@	1067
0	0
0	0
0	0
0	1	@	847
0	0
0	0
0	0
0	0
0	0
0	0
0	1	@	1358
0	1	@	1359
0	0
0	0
0	0
0	0
0	0
0	2	@	382	449
0	0
0	1	@	1031
0	1	@	1031
0	0
0	0
0	0
0	1	@	412
0	1	@	416
0	1	@	421
0	0
0	0
0	0
0	0
0	0
0	0
0	0
0	0
0	0
0	0
0	0
0	1	@	682
0	0
0	0
0	0
0	1	@	1355
0	1	@	1355
0	0
0	0
0	0
0	0
0	0
0	0
0	0
0	0
0	0
0	0
0	0
0	0
0	0
0	0
0	0
0	0
0	0
0	0
0	1	@	563
0	0
0	0
0	0
0	0
0	0
0	0
0	1	@	621
0	0
0	0
0	0
0	0
0	0
0	0
0	0
0	2	@	1045	1136
0	0
0	0
0	0
0	0
0	0
0	0
0	0
0	1	@	956
0	1	@	956
0	0
0	0
0	0
0	0
0	0
0	0
0	2	@	274	408
0	0
0	0
0	0
0	0
0	1	@	1288
0	0
0	0
0	0
0	0
0	0
0	0
0	0
0	0
0	0
0	0
0	0
0	0
0	0
0	0
0	0
0	0
0	0
0	0
0	0
0	2	@	1134	1277
0	0
0	0
0	0
0	0
0	0
0	0
0	0
0	0
0	0
0	0
0	0
0	0
0	0
0	0
0	0
0	0
0	0
0	0
0	0
0	0
0	0
0	0
0	0
0	0
0	0
0	0
0	0
0	0
0	0
0	0
0	0
0	0
0	0
0	0
0	0
0	1	@	1012
0	0
0	1	@	623
0	0
0	0
0	0
0	0
0	0
0	0
0	0
0	0
0	0
0	0
0	0
0	0
0	0
0	0
0	0
0	1	@	562
0	0
0	0
0	0
0	1	@	1277
0	0
0	0
0	0
0	0
0	0
0	0
0	0
0	0
0	0
0	0
0	2	@	683	1277
0	0
0	1	@	410
0	0
0	0
0	0
0	0
0	0
0	0
0	0
0	0
0	0
0	0
0	2	@	274	411
0	1	@	1214
0	0
0	0
0	0
0	0
0	1	@	1303
0	0
0	0
0	0
0	0
0	0
0	0
0	0
0	0
0	0
0	0
0	0
0	0
0	0
0	0
0	0
0	0
0	0
0	0
0	0
0	0
0	0
0	0
0	0
0	0
0	0
0	0
0	0
0	0
0	0
0	0
0	0
0	0
0	0
0	0
0	0
0	0
0	0
0	0
0	1	@	1252
0	0
0	1	@	853
0	0
0	1	@	1067
0	0
0	0
0	0
0	0
0	0
0	0
0	0
0	0
0	0
0	0
0	0
0	0
0	0
0	0
0	0
0	1	@	225
0	1	@	523
0	0
0	0
0	0
0	0
0	0
0	0
0	0
0	0
0	0
0	0
0	0
0	0
0	0
0	0
0	0
0	0
0	0
0	0
0	0
0	0
0	0
0	0
0	0
0	0
0	0
0	0
0	0
0	0
0	0
0	0
0	0
0	0
0	0
0	0
0	0
0	0
0	0
0	0
0	0
0	0
0	0
0	0
0	0
0	0
0	0
0	0
0	1	@	1104
